1.00000000 1.00000000 1.25000000E+003
1.14850660 1.14850660 1.11666067E+003
1.29402864 1.29402864 9.86001071E+002
1.43652472 1.43652472 8.72739982E+002
1.57590921 1.57590921 7.73370117E+002
1.71206913 1.71206913 6.76299112E+002
1.84487831 1.84487831 6.02200472E+002
1.97420901 1.97420901 5.30382817E+002
2.09994110 2.09994110 4.64340555E+002
2.22196919 2.22196919 4.12743216E+002
2.34020784 2.34020784 3.62748175E+002
2.45459512 2.45459512 3.17231515E+002
2.56509481 2.56509481 2.82609753E+002
2.67169761 2.67169761 2.49208967E+002
2.77442133 2.77442133 2.17023575E+002
2.87331059 2.87331059 1.93812809E+002
2.96843608 2.96843608 1.72449442E+002
3.05989356 3.05989356 1.51909838E+002
3.14780283 3.14780283 1.32514049E+002
3.23230673 3.23230673 1.19464294E+002
3.31357031 3.31357031 1.06914935E+002
3.39178026 3.39178026 9.48371415E+001
3.46714465 3.46714465 8.31987805E+001
3.53989308 3.53989308 7.41087965E+001
3.61027714 3.61027714 6.70229374E+001
3.67857143 3.67857143 6.01474646E+001
3.74507489 3.74507489 5.34522820E+001
3.81011261 3.81011261 4.69046616E+001
3.87403798 3.87403798 4.11370734E+001
3.93723512 3.93723512 3.72736185E+001
4.00012151 4.00012151 3.34291605E+001
4.06315060 4.06315060 2.95759789E+001
4.12681412 4.12681412 2.56840127E+001
4.19164379 4.19164379 2.17207558E+001
4.25821193 4.25821193 1.88598317E+001
4.32713030 4.32713030 1.65428784E+001
4.39904647 4.39904647 1.41251429E+001
4.47463661 4.47463661 1.15838927E+001
4.55459379 4.55459379 8.89582773E+000
4.63961044 4.63961044 7.24277917E+000
4.73035390 4.73035390 5.79597662E+000
4.82743421 4.82743421 4.24814006E+000
4.93136385 4.93136385 2.61908384E+000
5.04251006 5.04251006 1.96087468E+000
5.16104190 5.16104190 1.25892776E+000
5.28687586 5.28687586 5.19028978E-001
5.41962602 5.41962602 3.37610215E-001
5.55856612 5.55856612 1.47732160E-001
5.70261230 5.70261230 2.70943605E-002
5.85033420 5.85033420 1.36357326E-002
6.00000000 6.00000000 0.00000000E+000
6.14966580 6.14966580 1.36357326E-002
6.29738770 6.29738770 2.70943605E-002
6.44143388 6.44143388 1.47732160E-001
6.58037398 6.58037398 3.37610215E-001
6.71312414 6.71312414 5.19028978E-001
6.83895810 6.83895810 1.25892776E+000
6.95748994 6.95748994 1.96087468E+000
7.06863615 7.06863615 2.61908384E+000
7.17256579 7.17256579 4.24814006E+000
7.26964610 7.26964610 5.79597662E+000
7.36038956 7.36038956 7.24277917E+000
7.44540621 7.44540621 8.89582773E+000
7.52536339 7.52536339 1.15838927E+001
7.60095353 7.60095353 1.41251429E+001
7.67286970 7.67286970 1.65428784E+001
7.74178807 7.74178807 1.88598317E+001
7.80835621 7.80835621 2.17207558E+001
7.87318588 7.87318588 2.56840127E+001
7.93684940 7.93684940 2.95759789E+001
7.99987849 7.99987849 3.34291605E+001
8.06276488 8.06276488 3.72736185E+001
8.12596202 8.12596202 4.11370734E+001
8.18988739 8.18988739 4.69046616E+001
8.25492511 8.25492511 5.34522820E+001
8.32142857 8.32142857 6.01474646E+001
8.38972286 8.38972286 6.70229374E+001
8.46010692 8.46010692 7.41087965E+001
8.53285535 8.53285535 8.31987805E+001
8.60821974 8.60821974 9.48371415E+001
8.68642969 8.68642969 1.06914935E+002
8.76769327 8.76769327 1.19464294E+002
8.85219717 8.85219717 1.32514049E+002
8.94010644 8.94010644 1.51909838E+002
9.03156392 9.03156392 1.72449442E+002
9.12668941 9.12668941 1.93812809E+002
9.22557867 9.22557867 2.17023575E+002
9.32830239 9.32830239 2.49208967E+002
9.43490519 9.43490519 2.82609753E+002
9.54540488 9.54540488 3.17231515E+002
9.65979216 9.65979216 3.62748175E+002
9.77803081 9.77803081 4.12743216E+002
9.90005890 9.90005890 4.64340555E+002
10.02579099 10.02579099 5.30382817E+002
10.15512169 10.15512169 6.02200472E+002
10.28793087 10.28793087 6.76299112E+002
10.42409079 10.42409079 7.73370117E+002
10.56347528 10.56347528 8.72739982E+002
10.70597136 10.70597136 9.86001071E+002
10.85149340 10.85149340 1.11666067E+003
11.00000000 11.00000000 1.25000000E+003
