1.00000000 1.00000000 1.25000000E+003
1.10000000 1.10000000 1.17612647E+003
1.20000000 1.20000000 1.10450542E+003
1.30000000 1.30000000 1.03513615E+003
1.40000000 1.40000000 9.68018063E+002
1.50000000 1.50000000 9.03150600E+002
1.60000000 1.60000000 8.40533270E+002
1.70000000 1.70000000 7.80165643E+002
1.80000000 1.80000000 7.22047350E+002
1.90000000 1.90000000 6.66178084E+002
2.00000000 2.00000000 6.12557600E+002
2.10000000 2.10000000 5.61185713E+002
2.20000000 2.20000000 5.12062300E+002
2.30000000 2.30000000 4.65187300E+002
2.40000000 2.40000000 4.20560713E+002
2.50000000 2.50000000 3.78182600E+002
2.60000000 2.60000000 3.38053084E+002
2.70000000 2.70000000 3.00172350E+002
2.80000000 2.80000000 2.64540643E+002
2.90000000 2.90000000 2.31158270E+002
3.00000000 3.00000000 2.00025600E+002
3.10000000 3.10000000 1.71143063E+002
3.20000000 3.20000000 1.44511151E+002
3.30000000 3.30000000 1.20130417E+002
3.40000000 3.40000000 9.80014746E+001
3.50000000 3.50000000 7.81250000E+001
3.60000000 3.60000000 6.05017306E+001
3.70000000 3.70000000 4.51324650E+001
3.80000000 3.80000000 3.20180634E+001
3.90000000 3.90000000 2.11594474E+001
4.00000000 4.00000000 1.25576000E+001
4.10000000 4.10000000 6.21356576E+000
4.20000000 4.20000000 2.12845056E+000
4.30000000 4.30000000 3.03421760E-001
4.40000000 4.40000000 2.38144000E-001
4.50000000 4.50000000 3.02500000E-001
4.60000000 4.60000000 3.69664000E-001
4.70000000 4.70000000 4.38244000E-001
4.80000000 4.80000000 5.06944000E-001
4.90000000 4.90000000 5.74564000E-001
5.00000000 5.00000000 6.40000000E-001
5.10000000 5.10000000 7.02244000E-001
5.20000000 5.20000000 7.60384000E-001
5.30000000 5.30000000 8.13604000E-001
5.40000000 5.40000000 8.61184000E-001
5.50000000 5.50000000 9.02500000E-001
5.60000000 5.60000000 9.37024000E-001
5.70000000 5.70000000 9.64324000E-001
5.80000000 5.80000000 9.84064000E-001
5.90000000 5.90000000 9.96004000E-001
6.00000000 6.00000000 1.00000000E+000
6.10000000 6.10000000 9.96004000E-001
6.20000000 6.20000000 9.84064000E-001
6.30000000 6.30000000 9.64324000E-001
6.40000000 6.40000000 9.37024000E-001
6.50000000 6.50000000 9.02500000E-001
6.60000000 6.60000000 8.61184000E-001
6.70000000 6.70000000 8.13604000E-001
6.80000000 6.80000000 7.60384000E-001
6.90000000 6.90000000 7.02244000E-001
7.00000000 7.00000000 6.40000000E-001
7.10000000 7.10000000 5.74564000E-001
7.20000000 7.20000000 5.06944000E-001
7.30000000 7.30000000 4.38244000E-001
7.40000000 7.40000000 3.69664000E-001
7.50000000 7.50000000 3.02500000E-001
7.60000000 7.60000000 2.38144000E-001
7.70000000 7.70000000 3.03421760E-001
7.80000000 7.80000000 2.12845056E+000
7.90000000 7.90000000 6.21356576E+000
8.00000000 8.00000000 1.25576000E+001
8.10000000 8.10000000 2.11594474E+001
8.20000000 8.20000000 3.20180634E+001
8.30000000 8.30000000 4.51324650E+001
8.40000000 8.40000000 6.05017306E+001
8.50000000 8.50000000 7.81250000E+001
8.60000000 8.60000000 9.80014746E+001
8.70000000 8.70000000 1.20130417E+002
8.80000000 8.80000000 1.44511151E+002
8.90000000 8.90000000 1.71143063E+002
9.00000000 9.00000000 2.00025600E+002
9.10000000 9.10000000 2.31158270E+002
9.20000000 9.20000000 2.64540643E+002
9.30000000 9.30000000 3.00172350E+002
9.40000000 9.40000000 3.38053084E+002
9.50000000 9.50000000 3.78182600E+002
9.60000000 9.60000000 4.20560713E+002
9.70000000 9.70000000 4.65187300E+002
9.80000000 9.80000000 5.12062300E+002
9.90000000 9.90000000 5.61185713E+002
10.00000000 10.00000000 6.12557600E+002
10.10000000 10.10000000 6.66178084E+002
10.20000000 10.20000000 7.22047350E+002
10.30000000 10.30000000 7.80165643E+002
10.40000000 10.40000000 8.40533270E+002
10.50000000 10.50000000 9.03150600E+002
10.60000000 10.60000000 9.68018063E+002
10.70000000 10.70000000 1.03513615E+003
10.80000000 10.80000000 1.10450542E+003
10.90000000 10.90000000 1.17612647E+003
11.00000000 11.00000000 1.25000000E+003
