1.00000000 1.00000000 1.25000000E+003
1.10000000 1.10000000 1.16021319E+003
1.20000000 1.20000000 1.07042638E+003
1.30000000 1.30000000 9.80639577E+002
1.40000000 1.40000000 8.98779155E+002
1.50000000 1.50000000 8.27487245E+002
1.60000000 1.60000000 7.56195335E+002
1.70000000 1.70000000 6.84903426E+002
1.80000000 1.80000000 6.27121512E+002
1.90000000 1.90000000 5.71591264E+002
2.00000000 2.00000000 5.16061016E+002
2.10000000 2.10000000 4.64315650E+002
2.20000000 2.20000000 4.22032486E+002
2.30000000 2.30000000 3.79749323E+002
2.40000000 2.40000000 3.37466160E+002
2.50000000 2.50000000 3.03005258E+002
2.60000000 2.60000000 2.71673261E+002
2.70000000 2.70000000 2.40341264E+002
2.80000000 2.80000000 2.10276968E+002
2.90000000 2.90000000 1.87818878E+002
3.00000000 3.00000000 1.65360787E+002
3.10000000 3.10000000 1.42902697E+002
3.20000000 3.20000000 1.24453353E+002
3.30000000 3.30000000 1.09010569E+002
3.40000000 3.40000000 9.35677843E+001
3.50000000 3.50000000 7.81250000E+001
3.60000000 3.60000000 6.80575802E+001
3.70000000 3.70000000 5.79901603E+001
3.80000000 3.80000000 4.79227405E+001
3.90000000 3.90000000 3.95499271E+001
4.00000000 4.00000000 3.34365889E+001
4.10000000 4.10000000 2.73232507E+001
4.20000000 4.20000000 2.12099125E+001
4.30000000 4.30000000 1.74549667E+001
4.40000000 4.40000000 1.40930862E+001
4.50000000 4.50000000 1.07312057E+001
4.60000000 4.60000000 7.87432320E+000
4.70000000 4.70000000 6.27993544E+000
4.80000000 4.80000000 4.68554769E+000
4.90000000 4.90000000 3.09115993E+000
5.00000000 5.00000000 2.21261974E+000
5.10000000 5.10000000 1.62041858E+000
5.20000000 5.20000000 1.02821741E+000
5.30000000 5.30000000 5.01093294E-001
5.40000000 5.40000000 3.64431487E-001
5.50000000 5.50000000 2.27769679E-001
5.60000000 5.60000000 9.11078717E-002
5.70000000 5.70000000 2.73323615E-002
5.80000000 5.80000000 1.82215743E-002
5.90000000 5.90000000 9.11078717E-003
6.00000000 6.00000000 0.00000000E+000
6.10000000 6.10000000 9.11078717E-003
6.20000000 6.20000000 1.82215743E-002
6.30000000 6.30000000 2.73323615E-002
6.40000000 6.40000000 9.11078717E-002
6.50000000 6.50000000 2.27769679E-001
6.60000000 6.60000000 3.64431487E-001
6.70000000 6.70000000 5.01093294E-001
6.80000000 6.80000000 1.02821741E+000
6.90000000 6.90000000 1.62041858E+000
7.00000000 7.00000000 2.21261974E+000
7.10000000 7.10000000 3.09115993E+000
7.20000000 7.20000000 4.68554769E+000
7.30000000 7.30000000 6.27993544E+000
7.40000000 7.40000000 7.87432320E+000
7.50000000 7.50000000 1.07312057E+001
7.60000000 7.60000000 1.40930862E+001
7.70000000 7.70000000 1.74549667E+001
7.80000000 7.80000000 2.12099125E+001
7.90000000 7.90000000 2.73232507E+001
8.00000000 8.00000000 3.34365889E+001
8.10000000 8.10000000 3.95499271E+001
8.20000000 8.20000000 4.79227405E+001
8.30000000 8.30000000 5.79901603E+001
8.40000000 8.40000000 6.80575802E+001
8.50000000 8.50000000 7.81250000E+001
8.60000000 8.60000000 9.35677843E+001
8.70000000 8.70000000 1.09010569E+002
8.80000000 8.80000000 1.24453353E+002
8.90000000 8.90000000 1.42902697E+002
9.00000000 9.00000000 1.65360787E+002
9.10000000 9.10000000 1.87818878E+002
9.20000000 9.20000000 2.10276968E+002
9.30000000 9.30000000 2.40341264E+002
9.40000000 9.40000000 2.71673261E+002
9.50000000 9.50000000 3.03005258E+002
9.60000000 9.60000000 3.37466160E+002
9.70000000 9.70000000 3.79749323E+002
9.80000000 9.80000000 4.22032486E+002
9.90000000 9.90000000 4.64315650E+002
10.00000000 10.00000000 5.16061016E+002
10.10000000 10.10000000 5.71591264E+002
10.20000000 10.20000000 6.27121512E+002
10.30000000 10.30000000 6.84903426E+002
10.40000000 10.40000000 7.56195335E+002
10.50000000 10.50000000 8.27487245E+002
10.60000000 10.60000000 8.98779155E+002
10.70000000 10.70000000 9.80639577E+002
10.80000000 10.80000000 1.07042638E+003
10.90000000 10.90000000 1.16021319E+003
11.00000000 11.00000000 1.25000000E+003
