1.00000000 1.00000000 1.25000000E+003
1.00000000 2.36000000 9.62031250E+002
1.00000000 3.48000000 7.83750000E+002
1.00000000 4.42000000 6.88906250E+002
1.00000000 5.24000000 6.51250000E+002
1.00000000 6.00000000 6.44531250E+002
1.00000000 6.76000000 6.51250000E+002
1.00000000 7.58000000 6.88906250E+002
1.00000000 8.52000000 7.83750000E+002
1.00000000 9.64000000 9.62031250E+002
1.00000000 11.00000000 1.25000000E+003
2.36000000 1.00000000 9.62031250E+002
2.36000000 2.36000000 6.76766500E+002
2.36000000 3.48000000 5.04933250E+002
2.36000000 4.42000000 4.17785500E+002
2.36000000 5.24000000 3.86577250E+002
2.36000000 6.00000000 3.82562500E+002
2.36000000 6.76000000 3.86577250E+002
2.36000000 7.58000000 4.17785500E+002
2.36000000 8.52000000 5.04933250E+002
2.36000000 9.64000000 6.76766500E+002
2.36000000 11.00000000 9.62031250E+002
3.48000000 1.00000000 7.83750000E+002
3.48000000 2.36000000 5.04933250E+002
3.48000000 3.48000000 3.48476000E+002
3.48000000 4.42000000 2.79680250E+002
3.48000000 5.24000000 2.63848000E+002
3.48000000 6.00000000 2.66281250E+002
3.48000000 6.76000000 2.63848000E+002
3.48000000 7.58000000 2.79680250E+002
3.48000000 8.52000000 3.48476000E+002
3.48000000 9.64000000 5.04933250E+002
3.48000000 11.00000000 7.83750000E+002
4.42000000 1.00000000 6.88906250E+002
4.42000000 2.36000000 4.17785500E+002
4.42000000 3.48000000 2.79680250E+002
4.42000000 4.42000000 2.32788500E+002
4.42000000 5.24000000 2.35308250E+002
4.42000000 6.00000000 2.45437500E+002
4.42000000 6.76000000 2.35308250E+002
4.42000000 7.58000000 2.32788500E+002
4.42000000 8.52000000 2.79680250E+002
4.42000000 9.64000000 4.17785500E+002
4.42000000 11.00000000 6.88906250E+002
5.24000000 1.00000000 6.51250000E+002
5.24000000 2.36000000 3.86577250E+002
5.24000000 3.48000000 2.63848000E+002
5.24000000 4.42000000 2.35308250E+002
5.24000000 5.24000000 2.53204000E+002
5.24000000 6.00000000 2.69781250E+002
5.24000000 6.76000000 2.53204000E+002
5.24000000 7.58000000 2.35308250E+002
5.24000000 8.52000000 2.63848000E+002
5.24000000 9.64000000 3.86577250E+002
5.24000000 11.00000000 6.51250000E+002
6.00000000 1.00000000 6.44531250E+002
6.00000000 2.36000000 3.82562500E+002
6.00000000 3.48000000 2.66281250E+002
6.00000000 4.42000000 2.45437500E+002
6.00000000 5.24000000 2.69781250E+002
6.00000000 6.00000000 2.89062500E+002
6.00000000 6.76000000 2.69781250E+002
6.00000000 7.58000000 2.45437500E+002
6.00000000 8.52000000 2.66281250E+002
6.00000000 9.64000000 3.82562500E+002
6.00000000 11.00000000 6.44531250E+002
6.76000000 1.00000000 6.51250000E+002
6.76000000 2.36000000 3.86577250E+002
6.76000000 3.48000000 2.63848000E+002
6.76000000 4.42000000 2.35308250E+002
6.76000000 5.24000000 2.53204000E+002
6.76000000 6.00000000 2.69781250E+002
6.76000000 6.76000000 2.53204000E+002
6.76000000 7.58000000 2.35308250E+002
6.76000000 8.52000000 2.63848000E+002
6.76000000 9.64000000 3.86577250E+002
6.76000000 11.00000000 6.51250000E+002
7.58000000 1.00000000 6.88906250E+002
7.58000000 2.36000000 4.17785500E+002
7.58000000 3.48000000 2.79680250E+002
7.58000000 4.42000000 2.32788500E+002
7.58000000 5.24000000 2.35308250E+002
7.58000000 6.00000000 2.45437500E+002
7.58000000 6.76000000 2.35308250E+002
7.58000000 7.58000000 2.32788500E+002
7.58000000 8.52000000 2.79680250E+002
7.58000000 9.64000000 4.17785500E+002
7.58000000 11.00000000 6.88906250E+002
8.52000000 1.00000000 7.83750000E+002
8.52000000 2.36000000 5.04933250E+002
8.52000000 3.48000000 3.48476000E+002
8.52000000 4.42000000 2.79680250E+002
8.52000000 5.24000000 2.63848000E+002
8.52000000 6.00000000 2.66281250E+002
8.52000000 6.76000000 2.63848000E+002
8.52000000 7.58000000 2.79680250E+002
8.52000000 8.52000000 3.48476000E+002
8.52000000 9.64000000 5.04933250E+002
8.52000000 11.00000000 7.83750000E+002
9.64000000 1.00000000 9.62031250E+002
9.64000000 2.36000000 6.76766500E+002
9.64000000 3.48000000 5.04933250E+002
9.64000000 4.42000000 4.17785500E+002
9.64000000 5.24000000 3.86577250E+002
9.64000000 6.00000000 3.82562500E+002
9.64000000 6.76000000 3.86577250E+002
9.64000000 7.58000000 4.17785500E+002
9.64000000 8.52000000 5.04933250E+002
9.64000000 9.64000000 6.76766500E+002
9.64000000 11.00000000 9.62031250E+002
11.00000000 1.00000000 1.25000000E+003
11.00000000 2.36000000 9.62031250E+002
11.00000000 3.48000000 7.83750000E+002
11.00000000 4.42000000 6.88906250E+002
11.00000000 5.24000000 6.51250000E+002
11.00000000 6.00000000 6.44531250E+002
11.00000000 6.76000000 6.51250000E+002
11.00000000 7.58000000 6.88906250E+002
11.00000000 8.52000000 7.83750000E+002
11.00000000 9.64000000 9.62031250E+002
11.00000000 11.00000000 1.25000000E+003
