1.00000000 1.00000000 1.25000000E+003
1.00000000 2.36000000 8.00551900E+002
1.00000000 3.48000000 6.65327580E+002
1.00000000 4.42000000 6.31232013E+002
1.00000000 5.24000000 6.25333622E+002
1.00000000 6.00000000 6.25000000E+002
1.00000000 6.76000000 6.25333622E+002
1.00000000 7.58000000 6.31232013E+002
1.00000000 8.52000000 6.65327580E+002
1.00000000 9.64000000 8.00551900E+002
1.00000000 11.00000000 1.25000000E+003
2.36000000 1.00000000 8.00551900E+002
2.36000000 2.36000000 3.51103800E+002
2.36000000 3.48000000 2.15879480E+002
2.36000000 4.42000000 1.81783913E+002
2.36000000 5.24000000 1.75885522E+002
2.36000000 6.00000000 1.75551900E+002
2.36000000 6.76000000 1.75885522E+002
2.36000000 7.58000000 1.81783913E+002
2.36000000 8.52000000 2.15879480E+002
2.36000000 9.64000000 3.51103800E+002
2.36000000 11.00000000 8.00551900E+002
3.48000000 1.00000000 6.65327580E+002
3.48000000 2.36000000 2.15879480E+002
3.48000000 3.48000000 8.06551603E+001
3.48000000 4.42000000 4.65595931E+001
3.48000000 5.24000000 4.06612019E+001
3.48000000 6.00000000 4.03275802E+001
3.48000000 6.76000000 4.06612019E+001
3.48000000 7.58000000 4.65595931E+001
3.48000000 8.52000000 8.06551603E+001
3.48000000 9.64000000 2.15879480E+002
3.48000000 11.00000000 6.65327580E+002
4.42000000 1.00000000 6.31232013E+002
4.42000000 2.36000000 1.81783913E+002
4.42000000 3.48000000 4.65595931E+001
4.42000000 4.42000000 1.24640259E+001
4.42000000 5.24000000 6.56563472E+000
4.42000000 6.00000000 6.23201296E+000
4.42000000 6.76000000 6.56563472E+000
4.42000000 7.58000000 1.24640259E+001
4.42000000 8.52000000 4.65595931E+001
4.42000000 9.64000000 1.81783913E+002
4.42000000 11.00000000 6.31232013E+002
5.24000000 1.00000000 6.25333622E+002
5.24000000 2.36000000 1.75885522E+002
5.24000000 3.48000000 4.06612019E+001
5.24000000 4.42000000 6.56563472E+000
5.24000000 5.24000000 6.67243520E-001
5.24000000 6.00000000 3.33621760E-001
5.24000000 6.76000000 6.67243520E-001
5.24000000 7.58000000 6.56563472E+000
5.24000000 8.52000000 4.06612019E+001
5.24000000 9.64000000 1.75885522E+002
5.24000000 11.00000000 6.25333622E+002
6.00000000 1.00000000 6.25000000E+002
6.00000000 2.36000000 1.75551900E+002
6.00000000 3.48000000 4.03275802E+001
6.00000000 4.42000000 6.23201296E+000
6.00000000 5.24000000 3.33621760E-001
6.00000000 6.00000000 0.00000000E+000
6.00000000 6.76000000 3.33621760E-001
6.00000000 7.58000000 6.23201296E+000
6.00000000 8.52000000 4.03275802E+001
6.00000000 9.64000000 1.75551900E+002
6.00000000 11.00000000 6.25000000E+002
6.76000000 1.00000000 6.25333622E+002
6.76000000 2.36000000 1.75885522E+002
6.76000000 3.48000000 4.06612019E+001
6.76000000 4.42000000 6.56563472E+000
6.76000000 5.24000000 6.67243520E-001
6.76000000 6.00000000 3.33621760E-001
6.76000000 6.76000000 6.67243520E-001
6.76000000 7.58000000 6.56563472E+000
6.76000000 8.52000000 4.06612019E+001
6.76000000 9.64000000 1.75885522E+002
6.76000000 11.00000000 6.25333622E+002
7.58000000 1.00000000 6.31232013E+002
7.58000000 2.36000000 1.81783913E+002
7.58000000 3.48000000 4.65595931E+001
7.58000000 4.42000000 1.24640259E+001
7.58000000 5.24000000 6.56563472E+000
7.58000000 6.00000000 6.23201296E+000
7.58000000 6.76000000 6.56563472E+000
7.58000000 7.58000000 1.24640259E+001
7.58000000 8.52000000 4.65595931E+001
7.58000000 9.64000000 1.81783913E+002
7.58000000 11.00000000 6.31232013E+002
8.52000000 1.00000000 6.65327580E+002
8.52000000 2.36000000 2.15879480E+002
8.52000000 3.48000000 8.06551603E+001
8.52000000 4.42000000 4.65595931E+001
8.52000000 5.24000000 4.06612019E+001
8.52000000 6.00000000 4.03275802E+001
8.52000000 6.76000000 4.06612019E+001
8.52000000 7.58000000 4.65595931E+001
8.52000000 8.52000000 8.06551603E+001
8.52000000 9.64000000 2.15879480E+002
8.52000000 11.00000000 6.65327580E+002
9.64000000 1.00000000 8.00551900E+002
9.64000000 2.36000000 3.51103800E+002
9.64000000 3.48000000 2.15879480E+002
9.64000000 4.42000000 1.81783913E+002
9.64000000 5.24000000 1.75885522E+002
9.64000000 6.00000000 1.75551900E+002
9.64000000 6.76000000 1.75885522E+002
9.64000000 7.58000000 1.81783913E+002
9.64000000 8.52000000 2.15879480E+002
9.64000000 9.64000000 3.51103800E+002
9.64000000 11.00000000 8.00551900E+002
11.00000000 1.00000000 1.25000000E+003
11.00000000 2.36000000 8.00551900E+002
11.00000000 3.48000000 6.65327580E+002
11.00000000 4.42000000 6.31232013E+002
11.00000000 5.24000000 6.25333622E+002
11.00000000 6.00000000 6.25000000E+002
11.00000000 6.76000000 6.25333622E+002
11.00000000 7.58000000 6.31232013E+002
11.00000000 8.52000000 6.65327580E+002
11.00000000 9.64000000 8.00551900E+002
11.00000000 11.00000000 1.25000000E+003
