1.00000000 1.00000000 1.25000000E+003
1.00000000 2.36000000 8.02189713E+002
1.00000000 3.48000000 6.65606778E+002
1.00000000 4.42000000 6.31710355E+002
1.00000000 5.24000000 6.25395668E+002
1.00000000 6.00000000 6.25000000E+002
1.00000000 6.76000000 6.25395668E+002
1.00000000 7.58000000 6.31710355E+002
1.00000000 8.52000000 6.65606778E+002
1.00000000 9.64000000 8.02189713E+002
1.00000000 11.00000000 1.25000000E+003
2.36000000 1.00000000 8.02189713E+002
2.36000000 2.36000000 3.54379425E+002
2.36000000 3.48000000 2.17796491E+002
2.36000000 4.42000000 1.83900068E+002
2.36000000 5.24000000 1.77585381E+002
2.36000000 6.00000000 1.77189713E+002
2.36000000 6.76000000 1.77585381E+002
2.36000000 7.58000000 1.83900068E+002
2.36000000 8.52000000 2.17796491E+002
2.36000000 9.64000000 3.54379425E+002
2.36000000 11.00000000 8.02189713E+002
3.48000000 1.00000000 6.65606778E+002
3.48000000 2.36000000 2.17796491E+002
3.48000000 3.48000000 8.12135569E+001
3.48000000 4.42000000 4.73171335E+001
3.48000000 5.24000000 4.10024469E+001
3.48000000 6.00000000 4.06067784E+001
3.48000000 6.76000000 4.10024469E+001
3.48000000 7.58000000 4.73171335E+001
3.48000000 8.52000000 8.12135569E+001
3.48000000 9.64000000 2.17796491E+002
3.48000000 11.00000000 6.65606778E+002
4.42000000 1.00000000 6.31710355E+002
4.42000000 2.36000000 1.83900068E+002
4.42000000 3.48000000 4.73171335E+001
4.42000000 4.42000000 1.34207101E+001
4.42000000 5.24000000 7.10602353E+000
4.42000000 6.00000000 6.71035506E+000
4.42000000 6.76000000 7.10602353E+000
4.42000000 7.58000000 1.34207101E+001
4.42000000 8.52000000 4.73171335E+001
4.42000000 9.64000000 1.83900068E+002
4.42000000 11.00000000 6.31710355E+002
5.24000000 1.00000000 6.25395668E+002
5.24000000 2.36000000 1.77585381E+002
5.24000000 3.48000000 4.10024469E+001
5.24000000 4.42000000 7.10602353E+000
5.24000000 5.24000000 7.91336943E-001
5.24000000 6.00000000 3.95668471E-001
5.24000000 6.76000000 7.91336943E-001
5.24000000 7.58000000 7.10602353E+000
5.24000000 8.52000000 4.10024469E+001
5.24000000 9.64000000 1.77585381E+002
5.24000000 11.00000000 6.25395668E+002
6.00000000 1.00000000 6.25000000E+002
6.00000000 2.36000000 1.77189713E+002
6.00000000 3.48000000 4.06067784E+001
6.00000000 4.42000000 6.71035506E+000
6.00000000 5.24000000 3.95668471E-001
6.00000000 6.00000000 0.00000000E+000
6.00000000 6.76000000 3.95668471E-001
6.00000000 7.58000000 6.71035506E+000
6.00000000 8.52000000 4.06067784E+001
6.00000000 9.64000000 1.77189713E+002
6.00000000 11.00000000 6.25000000E+002
6.76000000 1.00000000 6.25395668E+002
6.76000000 2.36000000 1.77585381E+002
6.76000000 3.48000000 4.10024469E+001
6.76000000 4.42000000 7.10602353E+000
6.76000000 5.24000000 7.91336943E-001
6.76000000 6.00000000 3.95668471E-001
6.76000000 6.76000000 7.91336943E-001
6.76000000 7.58000000 7.10602353E+000
6.76000000 8.52000000 4.10024469E+001
6.76000000 9.64000000 1.77585381E+002
6.76000000 11.00000000 6.25395668E+002
7.58000000 1.00000000 6.31710355E+002
7.58000000 2.36000000 1.83900068E+002
7.58000000 3.48000000 4.73171335E+001
7.58000000 4.42000000 1.34207101E+001
7.58000000 5.24000000 7.10602353E+000
7.58000000 6.00000000 6.71035506E+000
7.58000000 6.76000000 7.10602353E+000
7.58000000 7.58000000 1.34207101E+001
7.58000000 8.52000000 4.73171335E+001
7.58000000 9.64000000 1.83900068E+002
7.58000000 11.00000000 6.31710355E+002
8.52000000 1.00000000 6.65606778E+002
8.52000000 2.36000000 2.17796491E+002
8.52000000 3.48000000 8.12135569E+001
8.52000000 4.42000000 4.73171335E+001
8.52000000 5.24000000 4.10024469E+001
8.52000000 6.00000000 4.06067784E+001
8.52000000 6.76000000 4.10024469E+001
8.52000000 7.58000000 4.73171335E+001
8.52000000 8.52000000 8.12135569E+001
8.52000000 9.64000000 2.17796491E+002
8.52000000 11.00000000 6.65606778E+002
9.64000000 1.00000000 8.02189713E+002
9.64000000 2.36000000 3.54379425E+002
9.64000000 3.48000000 2.17796491E+002
9.64000000 4.42000000 1.83900068E+002
9.64000000 5.24000000 1.77585381E+002
9.64000000 6.00000000 1.77189713E+002
9.64000000 6.76000000 1.77585381E+002
9.64000000 7.58000000 1.83900068E+002
9.64000000 8.52000000 2.17796491E+002
9.64000000 9.64000000 3.54379425E+002
9.64000000 11.00000000 8.02189713E+002
11.00000000 1.00000000 1.25000000E+003
11.00000000 2.36000000 8.02189713E+002
11.00000000 3.48000000 6.65606778E+002
11.00000000 4.42000000 6.31710355E+002
11.00000000 5.24000000 6.25395668E+002
11.00000000 6.00000000 6.25000000E+002
11.00000000 6.76000000 6.25395668E+002
11.00000000 7.58000000 6.31710355E+002
11.00000000 8.52000000 6.65606778E+002
11.00000000 9.64000000 8.02189713E+002
11.00000000 11.00000000 1.25000000E+003
