1.00000000 1.00000000 2.00000000E+000
1.22532546 1.22532546 3.35195278E+000
1.43527037 1.43527037 4.61162222E+000
1.63078750 1.63078750 5.78472500E+000
1.81282963 1.81282963 6.87697778E+000
1.98234954 1.98234954 7.89409722E+000
2.14030000 2.14030000 9.40300000E+000
2.28763380 2.28763380 1.08763380E+001
2.42530370 2.42530370 1.22530370E+001
2.55426250 2.55426250 1.35426250E+001
2.67546296 2.67546296 1.47546296E+001
2.78985787 2.78985787 1.58985787E+001
2.89840000 2.89840000 1.69840000E+001
3.00204213 3.00204213 1.80285898E+001
3.10173704 3.10173704 1.94243185E+001
3.19839120 3.19839120 2.07774769E+001
3.29245630 3.29245630 2.20943881E+001
3.38412583 3.38412583 2.33777617E+001
3.47359037 3.47359037 2.46302652E+001
3.56104046 3.56104046 2.58545665E+001
3.64666667 3.64666667 2.70533333E+001
3.73065954 3.73065954 2.82292335E+001
3.81320963 3.81320963 2.93849348E+001
3.89450750 3.89450750 3.05231050E+001
3.97474370 3.97474370 3.16464119E+001
4.05410880 4.05410880 3.29739583E+001
4.13279333 4.13279333 3.43902800E+001
4.21098787 4.21098787 3.57977817E+001
4.28888296 4.28888296 3.71998933E+001
4.36666667 4.36666667 3.86000000E+001
4.44444444 4.44444444 4.00000000E+001
4.52222222 4.52222222 4.14000000E+001
4.60000000 4.60000000 4.28000000E+001
4.67777778 4.67777778 4.42000000E+001
4.75555556 4.75555556 4.56000000E+001
4.83333333 4.83333333 4.70000000E+001
4.91111111 4.91111111 4.84000000E+001
4.98888889 4.98888889 4.98000000E+001
5.06666667 5.06666667 5.14666667E+001
5.14444444 5.14444444 5.31777778E+001
5.22222222 5.22222222 5.48888889E+001
5.30000000 5.30000000 5.66000000E+001
5.37777778 5.37777778 5.83111111E+001
5.45555556 5.45555556 6.00222222E+001
5.53333333 5.53333333 6.17333333E+001
5.61111111 5.61111111 6.34444444E+001
5.68888889 5.68888889 6.51555556E+001
5.76666667 5.76666667 6.68666667E+001
5.84444444 5.84444444 6.85777778E+001
5.92222222 5.92222222 7.02888889E+001
6.00000000 6.00000000 7.20000000E+001
6.07777778 6.07777778 7.40222222E+001
6.15555556 6.15555556 7.60444444E+001
6.23333333 6.23333333 7.80666667E+001
6.31111111 6.31111111 8.00888889E+001
6.38888889 6.38888889 8.21111111E+001
6.46666667 6.46666667 8.41333333E+001
6.54444444 6.54444444 8.61555556E+001
6.62222222 6.62222222 8.81777778E+001
6.70000000 6.70000000 9.02000000E+001
6.77777778 6.77777778 9.22222222E+001
6.85555556 6.85555556 9.42444444E+001
6.93333333 6.93333333 9.62666667E+001
7.01111111 7.01111111 9.83333333E+001
7.08888889 7.08888889 1.00666667E+002
7.16666667 7.16666667 1.03000000E+002
7.24444444 7.24444444 1.05333333E+002
7.32222222 7.32222222 1.07666667E+002
7.40000000 7.40000000 1.10000000E+002
7.47777778 7.47777778 1.12333333E+002
7.55555556 7.55555556 1.14666667E+002
7.63333333 7.63333333 1.17000000E+002
7.71111704 7.71111704 1.19333511E+002
7.78901213 7.78901213 1.21670364E+002
7.86720667 7.86720667 1.24016200E+002
7.94589120 7.94589120 1.26376736E+002
8.02525630 8.02525630 1.28858714E+002
8.10549250 8.10549250 1.31586745E+002
8.18679037 8.18679037 1.34350873E+002
8.26934046 8.26934046 1.37157576E+002
8.35333333 8.35333333 1.40013333E+002
8.43895954 8.43895954 1.42924624E+002
8.52640963 8.52640963 1.45897927E+002
8.61587417 8.61587417 1.48939722E+002
8.70754370 8.70754370 1.52056486E+002
8.80160880 8.80160880 1.55254699E+002
8.89826296 8.89826296 1.58540941E+002
8.99795787 8.99795787 1.61930568E+002
9.10160000 9.10160000 1.65860800E+002
9.21014213 9.21014213 1.69985401E+002
9.32453704 9.32453704 1.74332407E+002
9.44573750 9.44573750 1.78938025E+002
9.57469630 9.57469630 1.83838459E+002
9.71236620 9.71236620 1.89069916E+002
9.85970000 9.85970000 1.94668600E+002
10.01765046 10.01765046 2.00741319E+002
10.18717037 10.18717037 2.07861156E+002
10.36921250 10.36921250 2.15506925E+002
10.56472963 10.56472963 2.23718644E+002
10.77467454 10.77467454 2.32536331E+002
11.00000000 11.00000000 2.42000000E+002
