1.00000000 1.00000000 2.00000000E+000
1.24371028 1.24371028 3.09363051E+000
1.45728222 1.45728222 4.24734295E+000
1.64437750 1.64437750 5.40795473E+000
1.80865778 1.80865778 6.54248591E+000
1.95378472 1.95378472 7.63454948E+000
2.08342000 2.08342000 8.68127779E+000
2.20122528 2.20122528 9.69078545E+000
2.31084800 2.31084800 1.06800370E+001
2.41490072 2.41490072 1.16634910E+001
2.51427778 2.51427778 1.26431855E+001
2.60971150 2.60971150 1.36211882E+001
2.70193422 2.70193422 1.46008971E+001
2.79167828 2.79167828 1.55869352E+001
2.87967600 2.87967600 1.65850677E+001
2.96665972 2.96665972 1.76021398E+001
3.05333333 3.05333333 1.86456889E+001
3.14000000 3.14000000 1.97192000E+001
3.22666667 3.22666667 2.08227556E+001
3.31333333 3.31333333 2.19563556E+001
3.40000000 3.40000000 2.31200000E+001
3.48666667 3.48666667 2.43136889E+001
3.57333333 3.57333333 2.55374222E+001
3.66000000 3.66000000 2.67912000E+001
3.74666667 3.74666667 2.80750222E+001
3.83333333 3.83333333 2.93888889E+001
3.92000000 3.92000000 3.07328000E+001
4.00666667 4.00666667 3.21067556E+001
4.09333333 4.09333333 3.35107556E+001
4.18000000 4.18000000 3.49448000E+001
4.26666667 4.26666667 3.64088889E+001
4.35333333 4.35333333 3.79030222E+001
4.44000000 4.44000000 3.94272000E+001
4.52666667 4.52666667 4.09814222E+001
4.61333333 4.61333333 4.25656889E+001
4.70000000 4.70000000 4.41800000E+001
4.78666667 4.78666667 4.58243556E+001
4.87333333 4.87333333 4.74987556E+001
4.96000000 4.96000000 4.92032000E+001
5.04666667 5.04666667 5.09376889E+001
5.13333333 5.13333333 5.27022222E+001
5.22000000 5.22000000 5.44968000E+001
5.30666667 5.30666667 5.63214222E+001
5.39333333 5.39333333 5.81760889E+001
5.48000000 5.48000000 6.00608000E+001
5.56666667 5.56666667 6.19755556E+001
5.65333333 5.65333333 6.39203556E+001
5.74000000 5.74000000 6.58952000E+001
5.82666667 5.82666667 6.79000889E+001
5.91333333 5.91333333 6.99350222E+001
6.00000000 6.00000000 7.20000000E+001
6.08666667 6.08666667 7.40950222E+001
6.17333333 6.17333333 7.62200889E+001
6.26000000 6.26000000 7.83752000E+001
6.34666667 6.34666667 8.05603556E+001
6.43333333 6.43333333 8.27755556E+001
6.52000000 6.52000000 8.50208000E+001
6.60666667 6.60666667 8.72960889E+001
6.69333333 6.69333333 8.96014222E+001
6.78000000 6.78000000 9.19368000E+001
6.86666667 6.86666667 9.43022222E+001
6.95333333 6.95333333 9.66976889E+001
7.04000000 7.04000000 9.91232000E+001
7.12666667 7.12666667 1.01578756E+002
7.21333333 7.21333333 1.04064356E+002
7.30000000 7.30000000 1.06580000E+002
7.38666667 7.38666667 1.09125689E+002
7.47333333 7.47333333 1.11701422E+002
7.56000000 7.56000000 1.14307200E+002
7.64666667 7.64666667 1.16943022E+002
7.73333333 7.73333333 1.19608889E+002
7.82000000 7.82000000 1.22304800E+002
7.90666667 7.90666667 1.25030756E+002
7.99333333 7.99333333 1.27786756E+002
8.08000000 8.08000000 1.30572800E+002
8.16666667 8.16666667 1.33388889E+002
8.25333333 8.25333333 1.36235022E+002
8.34000000 8.34000000 1.39111200E+002
8.42666667 8.42666667 1.42017422E+002
8.51333333 8.51333333 1.44953689E+002
8.60000000 8.60000000 1.47920000E+002
8.68666667 8.68666667 1.50916356E+002
8.77333333 8.77333333 1.53942756E+002
8.86000000 8.86000000 1.56999200E+002
8.94666667 8.94666667 1.60085689E+002
9.03334028 9.03334028 1.63202473E+002
9.12032400 9.12032400 1.66360620E+002
9.20832172 9.20832172 1.69586378E+002
9.29806578 9.29806578 1.72908054E+002
9.39028850 9.39028850 1.76355036E+002
9.48572222 9.48572222 1.79957852E+002
9.58509928 9.58509928 1.83748256E+002
9.68915200 9.68915200 1.87759333E+002
9.79877472 9.79877472 1.92031972E+002
9.91658000 9.91658000 1.96677118E+002
10.04621528 10.04621528 2.01852883E+002
10.19134222 10.19134222 2.07726913E+002
10.35562250 10.35562250 2.14477835E+002
10.54271778 10.54271778 2.22297796E+002
10.75628972 10.75628972 2.31395537E+002
11.00000000 11.00000000 2.42000000E+002
