1.00000000 1.00000000 2.00000000E+000
1.22532546 1.22532546 3.47731759E+000
1.43527037 1.43527037 4.92387407E+000
1.63078750 1.63078750 6.34157500E+000
1.81282963 1.81282963 7.73232593E+000
1.98234954 1.98234954 9.09803241E+000
2.14030000 2.14030000 1.04406000E+001
2.28763380 2.28763380 1.17619343E+001
2.42530370 2.42530370 1.30639407E+001
2.55426250 2.55426250 1.43485250E+001
2.67546296 2.67546296 1.56175926E+001
2.78985787 2.78985787 1.68730491E+001
2.89840000 2.89840000 1.81168000E+001
3.00204213 3.00204213 1.93507509E+001
3.10173704 3.10173704 2.05768074E+001
3.19839120 3.19839120 2.17968843E+001
3.29245630 3.29245630 2.30129873E+001
3.38412583 3.38412583 2.42271738E+001
3.47359037 3.47359037 2.54415019E+001
3.56104046 3.56104046 2.66580296E+001
3.64666667 3.64666667 2.78788148E+001
3.73065954 3.73065954 2.91059156E+001
3.81320963 3.81320963 3.03413899E+001
3.89450750 3.89450750 3.15872958E+001
3.97474370 3.97474370 3.28456913E+001
4.05410880 4.05410880 3.41186343E+001
4.13279333 4.13279333 3.54081828E+001
4.21098787 4.21098787 3.67163949E+001
4.28888296 4.28888296 3.80453286E+001
4.36666667 4.36666667 3.93970148E+001
4.44444444 4.44444444 4.07725926E+001
4.52222222 4.52222222 4.21721259E+001
4.60000000 4.60000000 4.35956148E+001
4.67777778 4.67777778 4.50430593E+001
4.75555556 4.75555556 4.65144593E+001
4.83333333 4.83333333 4.80098148E+001
4.91111111 4.91111111 4.95291259E+001
4.98888889 4.98888889 5.10723926E+001
5.06666667 5.06666667 5.26396148E+001
5.14444444 5.14444444 5.42307926E+001
5.22222222 5.22222222 5.58459259E+001
5.30000000 5.30000000 5.74850148E+001
5.37777778 5.37777778 5.91480593E+001
5.45555556 5.45555556 6.08350593E+001
5.53333333 5.53333333 6.25460148E+001
5.61111111 5.61111111 6.42809259E+001
5.68888889 5.68888889 6.60397926E+001
5.76666667 5.76666667 6.78226148E+001
5.84444444 5.84444444 6.96293926E+001
5.92222222 5.92222222 7.14601259E+001
6.00000000 6.00000000 7.33148148E+001
6.07777778 6.07777778 7.51934593E+001
6.15555556 6.15555556 7.70960593E+001
6.23333333 6.23333333 7.90226148E+001
6.31111111 6.31111111 8.09731259E+001
6.38888889 6.38888889 8.29475926E+001
6.46666667 6.46666667 8.49460148E+001
6.54444444 6.54444444 8.69683926E+001
6.62222222 6.62222222 8.90147259E+001
6.70000000 6.70000000 9.10850148E+001
6.77777778 6.77777778 9.31792593E+001
6.85555556 6.85555556 9.52974593E+001
6.93333333 6.93333333 9.74396148E+001
7.01111111 7.01111111 9.96057259E+001
7.08888889 7.08888889 1.01795793E+002
7.16666667 7.16666667 1.04009815E+002
7.24444444 7.24444444 1.06247793E+002
7.32222222 7.32222222 1.08509726E+002
7.40000000 7.40000000 1.10795615E+002
7.47777778 7.47777778 1.13105459E+002
7.55555556 7.55555556 1.15439259E+002
7.63333333 7.63333333 1.17797015E+002
7.71111704 7.71111704 1.20178946E+002
7.78901213 7.78901213 1.22588977E+002
7.86720667 7.86720667 1.25034103E+002
7.94589120 7.94589120 1.27521412E+002
8.02525630 8.02525630 1.30057993E+002
8.10549250 8.10549250 1.32650936E+002
8.18679037 8.18679037 1.35307328E+002
8.26934046 8.26934046 1.38034258E+002
8.35333333 8.35333333 1.40838815E+002
8.43895954 8.43895954 1.43728087E+002
8.52640963 8.52640963 1.46709164E+002
8.61587417 8.61587417 1.49789134E+002
8.70754370 8.70754370 1.52975085E+002
8.80160880 8.80160880 1.56274106E+002
8.89826296 8.89826296 1.59693430E+002
8.99795787 8.99795787 1.63252729E+002
9.10160000 9.10160000 1.66993600E+002
9.21014213 9.21014213 1.70959871E+002
9.32453704 9.32453704 1.75195370E+002
9.44573750 9.44573750 1.79743925E+002
9.57469630 9.57469630 1.84649363E+002
9.71236620 9.71236620 1.89955512E+002
9.85970000 9.85970000 1.95706200E+002
10.01765046 10.01765046 2.01945255E+002
10.18717037 10.18717037 2.08716504E+002
10.36921250 10.36921250 2.16063775E+002
10.56472963 10.56472963 2.24030896E+002
10.77467454 10.77467454 2.32661695E+002
11.00000000 11.00000000 2.42000000E+002
