1.00000000 1.00000000 2.00000000E+000
1.14887500 1.14887500 3.25024617E+000
1.29550000 1.29550000 4.48159694E+000
1.43987500 1.43987500 6.17524945E+000
1.58200000 1.58200000 8.19545481E+000
1.72187500 1.72187500 1.02394360E+001
1.85950000 1.85950000 1.32067996E+001
1.99487500 1.99487500 1.61256503E+001
2.12800000 2.12800000 1.94982041E+001
2.25887500 2.25887500 2.34818788E+001
2.38750000 2.38750000 2.73970663E+001
2.51387500 2.51387500 3.21316201E+001
2.63800000 2.63800000 3.72017464E+001
2.75987500 2.75987500 4.21799670E+001
2.87950000 2.87950000 4.81859687E+001
2.99687500 2.99687500 5.43816919E+001
3.11200000 3.11200000 6.04586472E+001
3.22487500 3.22487500 6.75215651E+001
3.33550000 3.33550000 7.48510357E+001
3.44387500 3.44387500 8.20314324E+001
3.55000000 3.55000000 8.98127551E+001
3.65387500 3.65387500 9.82531288E+001
3.75550000 3.75550000 1.06510679E+002
3.85487500 3.85487500 1.14585404E+002
3.95200000 3.95200000 1.24045353E+002
4.04687500 4.04687500 1.33322772E+002
4.13950000 4.13950000 1.42380174E+002
4.22987500 4.22987500 1.51499120E+002
4.31800000 4.31800000 1.61708131E+002
4.40387500 4.40387500 1.71656487E+002
4.48750000 4.48750000 1.81344187E+002
4.56887500 4.56887500 1.90771232E+002
4.64800000 4.64800000 2.01437796E+002
4.72487500 4.72487500 2.11849652E+002
4.80000000 4.80000000 2.22024490E+002
4.87500000 4.87500000 2.32182398E+002
4.95000000 4.95000000 2.42792930E+002
5.02500000 5.02500000 2.54535022E+002
5.10000000 5.10000000 2.66277114E+002
5.17500000 5.17500000 2.78019206E+002
5.25000000 5.25000000 2.89761297E+002
5.32500000 5.32500000 3.02393331E+002
5.40000000 5.40000000 3.15834402E+002
5.47500000 5.47500000 3.29275474E+002
5.55000000 5.55000000 3.42716545E+002
5.62500000 5.62500000 3.56157617E+002
5.70000000 5.70000000 3.70980612E+002
5.77500000 5.77500000 3.86235459E+002
5.85000000 5.85000000 4.01490306E+002
5.92500000 5.92500000 4.16745153E+002
6.00000000 6.00000000 4.32000000E+002
6.07500000 6.07500000 4.49183418E+002
6.15000000 6.15000000 4.66366837E+002
6.22500000 6.22500000 4.83550255E+002
6.30000000 6.30000000 5.00733673E+002
6.37500000 6.37500000 5.18403608E+002
6.45000000 6.45000000 5.37630394E+002
6.52500000 6.52500000 5.56857179E+002
6.60000000 6.60000000 5.76083965E+002
6.67500000 6.67500000 5.95310751E+002
6.75000000 6.75000000 6.15565233E+002
6.82500000 6.82500000 6.36950182E+002
6.90000000 6.90000000 6.58335131E+002
6.97500000 6.97500000 6.79720080E+002
7.05000000 7.05000000 7.01105029E+002
7.12500000 7.12500000 7.24113520E+002
7.20000000 7.20000000 7.47771429E+002
7.27512500 7.27512500 7.71468767E+002
7.35200000 7.35200000 7.95718122E+002
7.43112500 7.43112500 8.20758513E+002
7.51250000 7.51250000 8.49018058E+002
7.59612500 7.59612500 8.78058972E+002
7.68200000 7.68200000 9.07881257E+002
7.77012500 7.77012500 9.38484911E+002
7.86050000 7.86050000 9.72365336E+002
7.95312500 7.95312500 1.00762238E+003
8.04800000 8.04800000 1.04373587E+003
8.14512500 8.14512500 1.08078495E+003
8.24450000 8.24450000 1.12207932E+003
8.34612500 8.34612500 1.16430866E+003
8.45000000 8.45000000 1.20747296E+003
8.55612500 8.55612500 1.25361678E+003
8.66450000 8.66450000 1.30259896E+003
8.77512500 8.77512500 1.35259808E+003
8.88800000 8.88800000 1.40478543E+003
9.00312500 9.00312500 1.46118846E+003
9.12050000 9.12050000 1.51869383E+003
9.24012500 9.24012500 1.57832192E+003
9.36200000 9.36200000 1.64284478E+003
9.48612500 9.48612500 1.70855884E+003
9.61250000 9.61250000 1.77714885E+003
9.74112500 9.74112500 1.85052154E+003
9.87200000 9.87200000 1.92517771E+003
10.00512500 10.00512500 2.00437481E+003
10.14050000 10.14050000 2.08735830E+003
10.27812500 10.27812500 2.17172102E+003
10.41800000 10.41800000 2.26329434E+003
10.56012500 10.56012500 2.35668062E+003
10.70450000 10.70450000 2.45435697E+003
10.85112500 10.85112500 2.55738797E+003
11.00000000 11.00000000 2.66200000E+003
