1.00000000 1.00000000 2.00000000E+000
1.22532546 1.22532546 5.92687893E+000
1.43527037 1.43527037 1.00499647E+001
1.63078750 1.63078750 1.43629310E+001
1.81282963 1.81282963 1.88594513E+001
1.98234954 1.98234954 2.35331991E+001
2.14030000 2.14030000 2.83778480E+001
2.28763380 2.28763380 3.33870716E+001
2.42530370 2.42530370 3.85545434E+001
2.55426250 2.55426250 4.38739370E+001
2.67546296 2.67546296 4.93389259E+001
2.78985787 2.78985787 5.49431837E+001
2.89840000 2.89840000 6.06803840E+001
3.00204213 3.00204213 6.65442003E+001
3.10173704 3.10173704 7.25283061E+001
3.19839120 3.19839120 7.86276157E+001
3.29245630 3.29245630 8.48492326E+001
3.38412583 3.38412583 9.12071783E+001
3.47359037 3.47359037 9.77155541E+001
3.56104046 3.56104046 1.04388461E+002
3.64666667 3.64666667 1.11240000E+002
3.73065954 3.73065954 1.18284272E+002
3.81320963 3.81320963 1.25535379E+002
3.89450750 3.89450750 1.33007422E+002
3.97474370 3.97474370 1.40714501E+002
4.05410880 4.05410880 1.48670718E+002
4.13279333 4.13279333 1.56890173E+002
4.21098787 4.21098787 1.65386969E+002
4.28888296 4.28888296 1.74175206E+002
4.36666667 4.36666667 1.83268872E+002
4.44444444 4.44444444 1.92678222E+002
4.52222222 4.52222222 2.02409012E+002
4.60000000 4.60000000 2.12466731E+002
4.67777778 4.67777778 2.22856865E+002
4.75555556 4.75555556 2.33584903E+002
4.83333333 4.83333333 2.44656333E+002
4.91111111 4.91111111 2.56076644E+002
4.98888889 4.98888889 2.67851322E+002
5.06666667 5.06666667 2.79985856E+002
5.14444444 5.14444444 2.92485734E+002
5.22222222 5.22222222 3.05356444E+002
5.30000000 5.30000000 3.18603475E+002
5.37777778 5.37777778 3.32232313E+002
5.45555556 5.45555556 3.46248447E+002
5.53333333 5.53333333 3.60657365E+002
5.61111111 5.61111111 3.75464556E+002
5.68888889 5.68888889 3.90675506E+002
5.76666667 5.76666667 4.06295704E+002
5.84444444 5.84444444 4.22330638E+002
5.92222222 5.92222222 4.38785796E+002
6.00000000 6.00000000 4.55666667E+002
6.07777778 6.07777778 4.72978737E+002
6.15555556 6.15555556 4.90727495E+002
6.23333333 6.23333333 5.08918429E+002
6.31111111 6.31111111 5.27557028E+002
6.38888889 6.38888889 5.46648778E+002
6.46666667 6.46666667 5.66199168E+002
6.54444444 6.54444444 5.86213686E+002
6.62222222 6.62222222 6.06697820E+002
6.70000000 6.70000000 6.27657059E+002
6.77777778 6.77777778 6.49096889E+002
6.85555556 6.85555556 6.71022799E+002
6.93333333 6.93333333 6.93440277E+002
7.01111111 7.01111111 7.16354812E+002
7.08888889 7.08888889 7.39771890E+002
7.16666667 7.16666667 7.63697000E+002
7.24444444 7.24444444 7.88135630E+002
7.32222222 7.32222222 8.13093268E+002
7.40000000 7.40000000 8.38575403E+002
7.47777778 7.47777778 8.64587521E+002
7.55555556 7.55555556 8.91135111E+002
7.63333333 7.63333333 9.18223661E+002
7.71111704 7.71111704 9.45861743E+002
7.78901213 7.78901213 9.74109728E+002
7.86720667 7.86720667 1.00307097E+003
7.94589120 7.94589120 1.03285012E+003
8.02525630 8.02525630 1.06355182E+003
8.10549250 8.10549250 1.09528075E+003
8.18679037 8.18679037 1.12814154E+003
8.26934046 8.26934046 1.16223885E+003
8.35333333 8.35333333 1.19767733E+003
8.43895954 8.43895954 1.23456164E+003
8.52640963 8.52640963 1.27299644E+003
8.61587417 8.61587417 1.31308636E+003
8.70754370 8.70754370 1.35493607E+003
8.80160880 8.80160880 1.39865022E+003
8.89826296 8.89826296 1.44433596E+003
8.99795787 8.99795787 1.49231843E+003
9.10160000 9.10160000 1.54330682E+003
9.21014213 9.21014213 1.59804938E+003
9.32453704 9.32453704 1.65729441E+003
9.44573750 9.44573750 1.72179016E+003
9.57469630 9.57469630 1.79228492E+003
9.71236620 9.71236620 1.86952696E+003
9.85970000 9.85970000 1.95426455E+003
10.01765046 10.01765046 2.04724597E+003
10.18717037 10.18717037 2.14921948E+003
10.36921250 10.36921250 2.26093337E+003
10.56472963 10.56472963 2.38313590E+003
10.77467454 10.77467454 2.51657535E+003
11.00000000 11.00000000 2.66200000E+003
