1.00000000 1.00000000 2.00000000E+000
1.14887500 1.14887500 3.03283185E+000
1.29550000 1.29550000 4.34852777E+000
1.43987500 1.43987500 5.97041293E+000
1.58200000 1.58200000 7.91861874E+000
1.72187500 1.72187500 1.02102143E+001
1.85950000 1.85950000 1.28593360E+001
1.99487500 1.99487500 1.58773149E+001
2.12800000 2.12800000 1.92728023E+001
2.25887500 2.25887500 2.30518929E+001
2.38750000 2.38750000 2.72182461E+001
2.51387500 2.51387500 3.17732056E+001
2.63800000 2.63800000 3.67159161E+001
2.75987500 2.75987500 4.20434391E+001
2.87950000 2.87950000 4.77508651E+001
2.99687500 2.99687500 5.38314257E+001
3.11200000 3.11200000 6.02766019E+001
3.22487500 3.22487500 6.70762311E+001
3.33550000 3.33550000 7.42186124E+001
3.44387500 3.44387500 8.16906092E+001
3.55000000 3.55000000 8.94777500E+001
3.65387500 3.65387500 9.75643271E+001
3.75550000 3.75550000 1.05933493E+002
3.85487500 3.85487500 1.14567357E+002
3.95200000 3.95200000 1.23447075E+002
4.04687500 4.04687500 1.32552940E+002
4.13950000 4.13950000 1.41864475E+002
4.22987500 4.22987500 1.51360515E+002
4.31800000 4.31800000 1.61019291E+002
4.40387500 4.40387500 1.70818517E+002
4.48750000 4.48750000 1.80735465E+002
4.56887500 4.56887500 1.90747048E+002
4.64800000 4.64800000 2.00829892E+002
4.72487500 4.72487500 2.10960412E+002
4.80000000 4.80000000 2.21184000E+002
4.87500000 4.87500000 2.31714844E+002
4.95000000 4.95000000 2.42574750E+002
5.02500000 5.02500000 2.53768781E+002
5.10000000 5.10000000 2.65302000E+002
5.17500000 5.17500000 2.77179469E+002
5.25000000 5.25000000 2.89406250E+002
5.32500000 5.32500000 3.01987406E+002
5.40000000 5.40000000 3.14928000E+002
5.47500000 5.47500000 3.28233094E+002
5.55000000 5.55000000 3.41907750E+002
5.62500000 5.62500000 3.55957031E+002
5.70000000 5.70000000 3.70386000E+002
5.77500000 5.77500000 3.85199719E+002
5.85000000 5.85000000 4.00403250E+002
5.92500000 5.92500000 4.16001656E+002
6.00000000 6.00000000 4.32000000E+002
6.07500000 6.07500000 4.48403344E+002
6.15000000 6.15000000 4.65216750E+002
6.22500000 6.22500000 4.82445281E+002
6.30000000 6.30000000 5.00094000E+002
6.37500000 6.37500000 5.18167969E+002
6.45000000 6.45000000 5.36672250E+002
6.52500000 6.52500000 5.55611906E+002
6.60000000 6.60000000 5.74992000E+002
6.67500000 6.67500000 5.94817594E+002
6.75000000 6.75000000 6.15093750E+002
6.82500000 6.82500000 6.35825531E+002
6.90000000 6.90000000 6.57018000E+002
6.97500000 6.97500000 6.78676219E+002
7.05000000 7.05000000 7.00805250E+002
7.12500000 7.12500000 7.23410156E+002
7.20000000 7.20000000 7.46496000E+002
7.27512500 7.27512500 7.70107539E+002
7.35200000 7.35200000 7.94779196E+002
7.43112500 7.43112500 8.20717503E+002
7.51250000 7.51250000 8.47975785E+002
7.59612500 7.59612500 8.76609765E+002
7.68200000 7.68200000 9.06677637E+002
7.77012500 7.77012500 9.38240146E+002
7.86050000 7.86050000 9.71360663E+002
7.95312500 7.95312500 1.00610526E+003
8.04800000 8.04800000 1.04254281E+003
8.14512500 8.14512500 1.08074505E+003
8.24450000 8.24450000 1.12078668E+003
8.34612500 8.34612500 1.16274545E+003
8.45000000 8.45000000 1.20670225E+003
8.55612500 8.55612500 1.25274119E+003
8.66450000 8.66450000 1.30094973E+003
8.77512500 8.77512500 1.35141872E+003
8.88800000 8.88800000 1.40424257E+003
9.00312500 9.00312500 1.45951928E+003
9.12050000 9.12050000 1.51735059E+003
9.24012500 9.24012500 1.57784208E+003
9.36200000 9.36200000 1.64110325E+003
9.48612500 9.48612500 1.70724766E+003
9.61250000 9.61250000 1.77639300E+003
9.74112500 9.74112500 1.84866128E+003
9.87200000 9.87200000 1.92417885E+003
10.00512500 10.00512500 2.00307658E+003
10.14050000 10.14050000 2.08548996E+003
10.27812500 10.27812500 2.17155924E+003
10.41800000 10.41800000 2.26142951E+003
10.56012500 10.56012500 2.35525087E+003
10.70450000 10.70450000 2.45317853E+003
10.85112500 10.85112500 2.55537296E+003
11.00000000 11.00000000 2.66200000E+003
