1.00000000 1.00000000 -2.50000000E+002
1.20900298 1.20900298 -2.24501637E+002
1.40773810 1.40773810 -2.00255952E+002
1.59665179 1.59665179 -1.77208482E+002
1.77619048 1.77619048 -1.55304762E+002
1.94680060 1.94680060 -1.34490327E+002
2.10892857 2.10892857 -1.19939286E+002
2.26302083 2.26302083 -1.08536458E+002
2.40952381 2.40952381 -9.76952381E+001
2.54888393 2.54888393 -8.73825893E+001
2.68154762 2.68154762 -7.75654762E+001
2.80796131 2.80796131 -6.82108631E+001
2.92857143 2.92857143 -5.92857143E+001
3.04382440 3.04382440 -5.23346726E+001
3.15416667 3.15416667 -4.81416667E+001
3.26004464 3.26004464 -4.41183036E+001
3.36190476 3.36190476 -4.02476190E+001
3.46019345 3.46019345 -3.65126488E+001
3.55535714 3.55535714 -3.28964286E+001
3.64784226 3.64784226 -2.93819940E+001
3.73809524 3.73809524 -2.59523810E+001
3.82650298 3.82650298 -2.25928869E+001
3.91321429 3.91321429 -1.92978571E+001
3.99831845 3.99831845 -1.60638988E+001
4.08190476 4.08190476 -1.48533333E+001
4.16406250 4.16406250 -1.37031250E+001
4.24488095 4.24488095 -1.25716667E+001
4.32444940 4.32444940 -1.14577083E+001
4.40285714 4.40285714 -1.03600000E+001
4.48019345 4.48019345 -9.27729167E+000
4.55654762 4.55654762 -8.20833333E+000
4.63200893 4.63200893 -7.15187500E+000
4.70666667 4.70666667 -6.10666667E+000
4.78061012 4.78061012 -5.07145833E+000
4.85392857 4.85392857 -4.04500000E+000
4.92671131 4.92671131 -3.02604167E+000
4.99904762 4.99904762 -2.01333333E+000
5.07102679 5.07102679 -1.85794643E+000
5.14273810 5.14273810 -1.71452381E+000
5.21427083 5.21427083 -1.57145833E+000
5.28571429 5.28571429 -1.42857143E+000
5.35714286 5.35714286 -1.28571429E+000
5.42857143 5.42857143 -1.14285714E+000
5.50000000 5.50000000 -1.00000000E+000
5.57142857 5.57142857 -8.57142857E-001
5.64285714 5.64285714 -7.14285714E-001
5.71428571 5.71428571 -5.71428571E-001
5.78571429 5.78571429 -4.28571429E-001
5.85714286 5.85714286 -2.85714286E-001
5.92857143 5.92857143 -1.42857143E-001
6.00000000 6.00000000 3.55271368E-015
6.07142857 6.07142857 1.42857143E-001
6.14285714 6.14285714 2.85714286E-001
6.21428571 6.21428571 4.28571429E-001
6.28571429 6.28571429 5.71428571E-001
6.35714286 6.35714286 7.14285714E-001
6.42857143 6.42857143 8.57142857E-001
6.50000000 6.50000000 1.00000000E+000
6.57142857 6.57142857 1.14285714E+000
6.64285714 6.64285714 1.28571429E+000
6.71428571 6.71428571 1.42857143E+000
6.78572917 6.78572917 1.57145833E+000
6.85726190 6.85726190 1.71452381E+000
6.92897321 6.92897321 1.85794643E+000
7.00095238 7.00095238 2.01333333E+000
7.07328869 7.07328869 3.02604167E+000
7.14607143 7.14607143 4.04500000E+000
7.21938988 7.21938988 5.07145833E+000
7.29333333 7.29333333 6.10666667E+000
7.36799107 7.36799107 7.15187500E+000
7.44345238 7.44345238 8.20833333E+000
7.51980655 7.51980655 9.27729167E+000
7.59714286 7.59714286 1.03600000E+001
7.67555060 7.67555060 1.14577083E+001
7.75511905 7.75511905 1.25716667E+001
7.83593750 7.83593750 1.37031250E+001
7.91809524 7.91809524 1.48533333E+001
8.00168155 8.00168155 1.60638988E+001
8.08678571 8.08678571 1.92978571E+001
8.17349702 8.17349702 2.25928869E+001
8.26190476 8.26190476 2.59523810E+001
8.35215774 8.35215774 2.93819940E+001
8.44464286 8.44464286 3.28964286E+001
8.53980655 8.53980655 3.65126488E+001
8.63809524 8.63809524 4.02476190E+001
8.73995536 8.73995536 4.41183036E+001
8.84583333 8.84583333 4.81416667E+001
8.95617560 8.95617560 5.23346726E+001
9.07142857 9.07142857 5.92857143E+001
9.19203869 9.19203869 6.82108631E+001
9.31845238 9.31845238 7.75654762E+001
9.45111607 9.45111607 8.73825893E+001
9.59047619 9.59047619 9.76952381E+001
9.73697917 9.73697917 1.08536458E+002
9.89107143 9.89107143 1.19939286E+002
10.05319940 10.05319940 1.34490327E+002
10.22380952 10.22380952 1.55304762E+002
10.40334821 10.40334821 1.77208482E+002
10.59226190 10.59226190 2.00255952E+002
10.79099702 10.79099702 2.24501637E+002
11.00000000 11.00000000 2.50000000E+002
