1.00000000 1.00000000 -2.50000000E+002
1.20900298 1.20900298 -2.19941761E+002
1.40773810 1.40773810 -1.93691223E+002
1.59665179 1.59665179 -1.70757225E+002
1.77619048 1.77619048 -1.50710313E+002
1.94680060 1.94680060 -1.33175368E+002
2.10892857 2.10892857 -1.17825043E+002
2.26302083 2.26302083 -1.04373927E+002
2.40952381 2.40952381 -9.25733860E+001
2.54888393 2.54888393 -8.22069800E+001
2.68154762 2.68154762 -7.30864328E+001
2.80796131 2.80796131 -6.50480731E+001
2.92857143 2.92857143 -5.79497085E+001
3.04382440 3.04382440 -5.16678842E+001
3.15416667 3.15416667 -4.60954842E+001
3.26004464 3.26004464 -4.11396371E+001
3.36190476 3.36190476 -3.67198929E+001
3.46019345 3.46019345 -3.27666401E+001
3.55535714 3.55535714 -2.92197341E+001
3.64784226 3.64784226 -2.60273123E+001
3.73809524 3.73809524 -2.31447738E+001
3.82650298 3.82650298 -2.05355881E+001
3.91321429 3.91321429 -1.81745456E+001
3.99831845 3.99831845 -1.60403911E+001
4.08190476 4.08190476 -1.41136875E+001
4.16406250 4.16406250 -1.23766661E+001
4.24488095 4.24488095 -1.08130879E+001
4.32444940 4.32444940 -9.40811538E+000
4.40285714 4.40285714 -8.14819261E+000
4.48019345 4.48019345 -7.02093463E+000
4.55654762 4.55654762 -6.01502420E+000
4.63200893 4.63200893 -5.12011581E+000
4.70666667 4.70666667 -4.32674607E+000
4.78061012 4.78061012 -3.62625012E+000
4.85392857 4.85392857 -3.01068316E+000
4.92671131 4.92671131 -2.47274684E+000
4.99904762 4.99904762 -2.00571973E+000
5.07102679 5.07102679 -1.60339148E+000
5.14273810 5.14273810 -1.26000007E+000
5.21427083 5.21427083 -9.70171739E-001
5.28571429 5.28571429 -7.28862974E-001
5.35714286 5.35714286 -5.31341108E-001
5.42857143 5.42857143 -3.73177843E-001
5.50000000 5.50000000 -2.50000000E-001
5.57142857 5.57142857 -1.57434402E-001
5.64285714 5.64285714 -9.11078717E-002
5.71428571 5.71428571 -4.66472303E-002
5.78571429 5.78571429 -1.96793003E-002
5.85714286 5.85714286 -5.83090379E-003
5.92857143 5.92857143 -7.28862974E-004
6.00000000 6.00000000 1.12103877E-044
6.07142857 6.07142857 7.28862974E-004
6.14285714 6.14285714 5.83090379E-003
6.21428571 6.21428571 1.96793003E-002
6.28571429 6.28571429 4.66472303E-002
6.35714286 6.35714286 9.11078717E-002
6.42857143 6.42857143 1.57434402E-001
6.50000000 6.50000000 2.50000000E-001
6.57142857 6.57142857 3.73177843E-001
6.64285714 6.64285714 5.31341108E-001
6.71428571 6.71428571 7.28862974E-001
6.78572917 6.78572917 9.70171739E-001
6.85726190 6.85726190 1.26000007E+000
6.92897321 6.92897321 1.60339148E+000
7.00095238 7.00095238 2.00571973E+000
7.07328869 7.07328869 2.47274684E+000
7.14607143 7.14607143 3.01068316E+000
7.21938988 7.21938988 3.62625012E+000
7.29333333 7.29333333 4.32674607E+000
7.36799107 7.36799107 5.12011581E+000
7.44345238 7.44345238 6.01502420E+000
7.51980655 7.51980655 7.02093463E+000
7.59714286 7.59714286 8.14819261E+000
7.67555060 7.67555060 9.40811538E+000
7.75511905 7.75511905 1.08130879E+001
7.83593750 7.83593750 1.23766661E+001
7.91809524 7.91809524 1.41136875E+001
8.00168155 8.00168155 1.60403911E+001
8.08678571 8.08678571 1.81745456E+001
8.17349702 8.17349702 2.05355881E+001
8.26190476 8.26190476 2.31447738E+001
8.35215774 8.35215774 2.60273123E+001
8.44464286 8.44464286 2.92197341E+001
8.53980655 8.53980655 3.27666401E+001
8.63809524 8.63809524 3.67198929E+001
8.73995536 8.73995536 4.11396371E+001
8.84583333 8.84583333 4.60954842E+001
8.95617560 8.95617560 5.16678842E+001
9.07142857 9.07142857 5.79497085E+001
9.19203869 9.19203869 6.50480731E+001
9.31845238 9.31845238 7.30864328E+001
9.45111607 9.45111607 8.22069800E+001
9.59047619 9.59047619 9.25733860E+001
9.73697917 9.73697917 1.04373927E+002
9.89107143 9.89107143 1.17825043E+002
10.05319940 10.05319940 1.33175368E+002
10.22380952 10.22380952 1.50710313E+002
10.40334821 10.40334821 1.70757225E+002
10.59226190 10.59226190 1.93691223E+002
10.79099702 10.79099702 2.19941761E+002
11.00000000 11.00000000 2.50000000E+002
