1.00000000 1.00000000 -2.50000000E+002
1.22532546 1.22532546 -2.23994538E+002
1.43527037 1.43527037 -2.00561369E+002
1.63078750 1.63078750 -1.79535319E+002
1.81282963 1.81282963 -1.60751215E+002
1.98234954 1.98234954 -1.44043884E+002
2.14030000 2.14030000 -1.29248152E+002
2.28763380 2.28763380 -1.16198845E+002
2.42530370 2.42530370 -1.04730790E+002
2.55426250 2.55426250 -9.46788130E+001
2.67546296 2.67546296 -8.58777407E+001
2.78985787 2.78985787 -7.81623996E+001
2.89840000 2.89840000 -7.13676160E+001
3.00204213 3.00204213 -6.53282164E+001
3.10173704 3.10173704 -5.98790273E+001
3.19839120 3.19839120 -5.48638009E+001
3.29245630 3.29245630 -5.02139781E+001
3.38412583 3.38412583 -4.59107703E+001
3.47359037 3.47359037 -4.19359606E+001
3.56104046 3.56104046 -3.82713317E+001
3.64666667 3.64666667 -3.48986667E+001
3.73065954 3.73065954 -3.17997483E+001
3.81320963 3.81320963 -2.89563594E+001
3.89450750 3.89450750 -2.63502830E+001
3.97474370 3.97474370 -2.39633019E+001
4.05410880 4.05410880 -2.17771991E+001
4.13279333 4.13279333 -1.97737573E+001
4.21098787 4.21098787 -1.79347596E+001
4.28888296 4.28888296 -1.62419887E+001
4.36666667 4.36666667 -1.46773947E+001
4.44444444 4.44444444 -1.32284444E+001
4.52222222 4.52222222 -1.18892542E+001
4.60000000 4.60000000 -1.06543360E+001
4.67777778 4.67777778 -9.51820178E+000
4.75555556 4.75555556 -8.47536356E+000
4.83333333 4.83333333 -7.52033333E+000
4.91111111 4.91111111 -6.64762311E+000
4.98888889 4.98888889 -5.85174489E+000
5.06666667 5.06666667 -5.12721067E+000
5.14444444 5.14444444 -4.46853244E+000
5.22222222 5.22222222 -3.87022222E+000
5.30000000 5.30000000 -3.32679200E+000
5.37777778 5.37777778 -2.83275378E+000
5.45555556 5.45555556 -2.38261956E+000
5.53333333 5.53333333 -1.97090133E+000
5.61111111 5.61111111 -1.59211111E+000
5.68888889 5.68888889 -1.24076089E+000
5.76666667 5.76666667 -9.11362667E-001
5.84444444 5.84444444 -5.98428444E-001
5.92222222 5.92222222 -2.96470222E-001
6.00000000 6.00000000 9.76649317E-016
6.07777778 6.07777778 2.96470222E-001
6.15555556 6.15555556 5.98428444E-001
6.23333333 6.23333333 9.11362667E-001
6.31111111 6.31111111 1.24076089E+000
6.38888889 6.38888889 1.59211111E+000
6.46666667 6.46666667 1.97090133E+000
6.54444444 6.54444444 2.38261956E+000
6.62222222 6.62222222 2.83275378E+000
6.70000000 6.70000000 3.32679200E+000
6.77777778 6.77777778 3.87022222E+000
6.85555556 6.85555556 4.46853244E+000
6.93333333 6.93333333 5.12721067E+000
7.01111111 7.01111111 5.85174489E+000
7.08888889 7.08888889 6.64762311E+000
7.16666667 7.16666667 7.52033333E+000
7.24444444 7.24444444 8.47536356E+000
7.32222222 7.32222222 9.51820178E+000
7.40000000 7.40000000 1.06543360E+001
7.47777778 7.47777778 1.18892542E+001
7.55555556 7.55555556 1.32284444E+001
7.63333333 7.63333333 1.46773947E+001
7.71111704 7.71111704 1.62419887E+001
7.78901213 7.78901213 1.79347596E+001
7.86720667 7.86720667 1.97737573E+001
7.94589120 7.94589120 2.17771991E+001
8.02525630 8.02525630 2.39633019E+001
8.10549250 8.10549250 2.63502830E+001
8.18679037 8.18679037 2.89563594E+001
8.26934046 8.26934046 3.17997483E+001
8.35333333 8.35333333 3.48986667E+001
8.43895954 8.43895954 3.82713317E+001
8.52640963 8.52640963 4.19359606E+001
8.61587417 8.61587417 4.59107703E+001
8.70754370 8.70754370 5.02139781E+001
8.80160880 8.80160880 5.48638009E+001
8.89826296 8.89826296 5.98790273E+001
8.99795787 8.99795787 6.53282164E+001
9.10160000 9.10160000 7.13676160E+001
9.21014213 9.21014213 7.81623996E+001
9.32453704 9.32453704 8.58777407E+001
9.44573750 9.44573750 9.46788130E+001
9.57469630 9.57469630 1.04730790E+002
9.71236620 9.71236620 1.16198845E+002
9.85970000 9.85970000 1.29248152E+002
10.01765046 10.01765046 1.44043884E+002
10.18717037 10.18717037 1.60751215E+002
10.36921250 10.36921250 1.79535319E+002
10.56472963 10.56472963 2.00561369E+002
10.77467454 10.77467454 2.23994538E+002
11.00000000 11.00000000 2.50000000E+002
