1.00000000 1.00000000 -2.50000000E+002
1.10000000 1.10000000 -2.35298000E+002
1.20000000 1.20000000 -2.21184000E+002
1.30000000 1.30000000 -2.07646000E+002
1.40000000 1.40000000 -1.94672000E+002
1.50000000 1.50000000 -1.82250000E+002
1.60000000 1.60000000 -1.70368000E+002
1.70000000 1.70000000 -1.59014000E+002
1.80000000 1.80000000 -1.48176000E+002
1.90000000 1.90000000 -1.37842000E+002
2.00000000 2.00000000 -1.28000000E+002
2.10000000 2.10000000 -1.18638000E+002
2.20000000 2.20000000 -1.09744000E+002
2.30000000 2.30000000 -1.01306000E+002
2.40000000 2.40000000 -9.33120000E+001
2.50000000 2.50000000 -8.57500000E+001
2.60000000 2.60000000 -7.86080000E+001
2.70000000 2.70000000 -7.18740000E+001
2.80000000 2.80000000 -6.55360000E+001
2.90000000 2.90000000 -5.95820000E+001
3.00000000 3.00000000 -5.40000000E+001
3.10000000 3.10000000 -4.87780000E+001
3.20000000 3.20000000 -4.39040000E+001
3.30000000 3.30000000 -3.93660000E+001
3.40000000 3.40000000 -3.51520000E+001
3.50000000 3.50000000 -3.12500000E+001
3.60000000 3.60000000 -2.76480000E+001
3.70000000 3.70000000 -2.43340000E+001
3.80000000 3.80000000 -2.12960000E+001
3.90000000 3.90000000 -1.85220000E+001
4.00000000 4.00000000 -1.60000000E+001
4.10000000 4.10000000 -1.37180000E+001
4.20000000 4.20000000 -1.16640000E+001
4.30000000 4.30000000 -9.82600000E+000
4.40000000 4.40000000 -8.19200000E+000
4.50000000 4.50000000 -6.75000000E+000
4.60000000 4.60000000 -5.48800000E+000
4.70000000 4.70000000 -4.39400000E+000
4.80000000 4.80000000 -3.45600000E+000
4.90000000 4.90000000 -2.66200000E+000
5.00000000 5.00000000 -2.00000000E+000
5.10000000 5.10000000 -1.45800000E+000
5.20000000 5.20000000 -1.02400000E+000
5.30000000 5.30000000 -6.86000000E-001
5.40000000 5.40000000 -4.32000000E-001
5.50000000 5.50000000 -2.50000000E-001
5.60000000 5.60000000 -1.28000000E-001
5.70000000 5.70000000 -5.40000000E-002
5.80000000 5.80000000 -1.60000000E-002
5.90000000 5.90000000 -2.00000000E-003
6.00000000 6.00000000 0.00000000E+000
6.10000000 6.10000000 2.00000000E-003
6.20000000 6.20000000 1.60000000E-002
6.30000000 6.30000000 5.40000000E-002
6.40000000 6.40000000 1.28000000E-001
6.50000000 6.50000000 2.50000000E-001
6.60000000 6.60000000 4.32000000E-001
6.70000000 6.70000000 6.86000000E-001
6.80000000 6.80000000 1.02400000E+000
6.90000000 6.90000000 1.45800000E+000
7.00000000 7.00000000 2.00000000E+000
7.10000000 7.10000000 2.66200000E+000
7.20000000 7.20000000 3.45600000E+000
7.30000000 7.30000000 4.39400000E+000
7.40000000 7.40000000 5.48800000E+000
7.50000000 7.50000000 6.75000000E+000
7.60000000 7.60000000 8.19200000E+000
7.70000000 7.70000000 9.82600000E+000
7.80000000 7.80000000 1.16640000E+001
7.90000000 7.90000000 1.37180000E+001
8.00000000 8.00000000 1.60000000E+001
8.10000000 8.10000000 1.85220000E+001
8.20000000 8.20000000 2.12960000E+001
8.30000000 8.30000000 2.43340000E+001
8.40000000 8.40000000 2.76480000E+001
8.50000000 8.50000000 3.12500000E+001
8.60000000 8.60000000 3.51520000E+001
8.70000000 8.70000000 3.93660000E+001
8.80000000 8.80000000 4.39040000E+001
8.90000000 8.90000000 4.87780000E+001
9.00000000 9.00000000 5.40000000E+001
9.10000000 9.10000000 5.95820000E+001
9.20000000 9.20000000 6.55360000E+001
9.30000000 9.30000000 7.18740000E+001
9.40000000 9.40000000 7.86080000E+001
9.50000000 9.50000000 8.57500000E+001
9.60000000 9.60000000 9.33120000E+001
9.70000000 9.70000000 1.01306000E+002
9.80000000 9.80000000 1.09744000E+002
9.90000000 9.90000000 1.18638000E+002
10.00000000 10.00000000 1.28000000E+002
10.10000000 10.10000000 1.37842000E+002
10.20000000 10.20000000 1.48176000E+002
10.30000000 10.30000000 1.59014000E+002
10.40000000 10.40000000 1.70368000E+002
10.50000000 10.50000000 1.82250000E+002
10.60000000 10.60000000 1.94672000E+002
10.70000000 10.70000000 2.07646000E+002
10.80000000 10.80000000 2.21184000E+002
10.90000000 10.90000000 2.35298000E+002
11.00000000 11.00000000 2.50000000E+002
