1.00000000 1.00000000 -2.50000000E+002
1.10000000 1.10000000 -2.36045918E+002
1.20000000 1.20000000 -2.22091837E+002
1.30000000 1.30000000 -2.08137755E+002
1.40000000 1.40000000 -1.95036443E+002
1.50000000 1.50000000 -1.83072157E+002
1.60000000 1.60000000 -1.71107872E+002
1.70000000 1.70000000 -1.59143586E+002
1.80000000 1.80000000 -1.48753644E+002
1.90000000 1.90000000 -1.38626093E+002
2.00000000 2.00000000 -1.28498542E+002
2.10000000 2.10000000 -1.18852041E+002
2.20000000 2.20000000 -1.10408163E+002
2.30000000 2.30000000 -1.01964286E+002
2.40000000 2.40000000 -9.35204082E+001
2.50000000 2.50000000 -8.61698251E+001
2.60000000 2.60000000 -7.92565598E+001
2.70000000 2.70000000 -7.23432945E+001
2.80000000 2.80000000 -6.56268222E+001
2.90000000 2.90000000 -6.00911079E+001
3.00000000 3.00000000 -5.45553936E+001
3.10000000 3.10000000 -4.90196793E+001
3.20000000 3.20000000 -4.41836735E+001
3.30000000 3.30000000 -3.98724490E+001
3.40000000 3.40000000 -3.55612245E+001
3.50000000 3.50000000 -3.12500000E+001
3.60000000 3.60000000 -2.80102041E+001
3.70000000 3.70000000 -2.47704082E+001
3.80000000 3.80000000 -2.15306122E+001
3.90000000 3.90000000 -1.86844023E+001
4.00000000 4.00000000 -1.63629738E+001
4.10000000 4.10000000 -1.40415452E+001
4.20000000 4.20000000 -1.17201166E+001
4.30000000 4.30000000 -1.00546647E+001
4.40000000 4.40000000 -8.49854227E+000
4.50000000 4.50000000 -6.94241983E+000
4.60000000 4.60000000 -5.56122449E+000
4.70000000 4.70000000 -4.61734694E+000
4.80000000 4.80000000 -3.67346939E+000
4.90000000 4.90000000 -2.72959184E+000
5.00000000 5.00000000 -2.11370262E+000
5.10000000 5.10000000 -1.62900875E+000
5.20000000 5.20000000 -1.14431487E+000
5.30000000 5.30000000 -7.03352770E-001
5.40000000 5.40000000 -5.24781341E-001
5.50000000 5.50000000 -3.46209913E-001
5.60000000 5.60000000 -1.67638484E-001
5.70000000 5.70000000 -7.65306122E-002
5.80000000 5.80000000 -5.10204082E-002
5.90000000 5.90000000 -2.55102041E-002
6.00000000 6.00000000 2.26576127E-016
6.10000000 6.10000000 2.55102041E-002
6.20000000 6.20000000 5.10204082E-002
6.30000000 6.30000000 7.65306122E-002
6.40000000 6.40000000 1.67638484E-001
6.50000000 6.50000000 3.46209913E-001
6.60000000 6.60000000 5.24781341E-001
6.70000000 6.70000000 7.03352770E-001
6.80000000 6.80000000 1.14431487E+000
6.90000000 6.90000000 1.62900875E+000
7.00000000 7.00000000 2.11370262E+000
7.10000000 7.10000000 2.72959184E+000
7.20000000 7.20000000 3.67346939E+000
7.30000000 7.30000000 4.61734694E+000
7.40000000 7.40000000 5.56122449E+000
7.50000000 7.50000000 6.94241983E+000
7.60000000 7.60000000 8.49854227E+000
7.70000000 7.70000000 1.00546647E+001
7.80000000 7.80000000 1.17201166E+001
7.90000000 7.90000000 1.40415452E+001
8.00000000 8.00000000 1.63629738E+001
8.10000000 8.10000000 1.86844023E+001
8.20000000 8.20000000 2.15306122E+001
8.30000000 8.30000000 2.47704082E+001
8.40000000 8.40000000 2.80102041E+001
8.50000000 8.50000000 3.12500000E+001
8.60000000 8.60000000 3.55612245E+001
8.70000000 8.70000000 3.98724490E+001
8.80000000 8.80000000 4.41836735E+001
8.90000000 8.90000000 4.90196793E+001
9.00000000 9.00000000 5.45553936E+001
9.10000000 9.10000000 6.00911079E+001
9.20000000 9.20000000 6.56268222E+001
9.30000000 9.30000000 7.23432945E+001
9.40000000 9.40000000 7.92565598E+001
9.50000000 9.50000000 8.61698251E+001
9.60000000 9.60000000 9.35204082E+001
9.70000000 9.70000000 1.01964286E+002
9.80000000 9.80000000 1.10408163E+002
9.90000000 9.90000000 1.18852041E+002
10.00000000 10.00000000 1.28498542E+002
10.10000000 10.10000000 1.38626093E+002
10.20000000 10.20000000 1.48753644E+002
10.30000000 10.30000000 1.59143586E+002
10.40000000 10.40000000 1.71107872E+002
10.50000000 10.50000000 1.83072157E+002
10.60000000 10.60000000 1.95036443E+002
10.70000000 10.70000000 2.08137755E+002
10.80000000 10.80000000 2.22091837E+002
10.90000000 10.90000000 2.36045918E+002
11.00000000 11.00000000 2.50000000E+002
