1.00000000 1.00000000 2.00000000E+000
1.00000000 1.00000000 2.00000000E+000
1.00000000 1.00000000 2.00000000E+000
1.00000000 1.00000000 2.00000000E+000
1.00000000 1.00000000 2.00000000E+000
1.00000000 1.00000000 2.00000000E+000
1.00000000 1.00000000 2.00000000E+000
1.00000000 1.00000000 2.00000000E+000
1.00000000 1.00000000 2.00000000E+000
1.00000000 1.00000000 2.00000000E+000
1.00000000 1.00000000 2.00000000E+000
1.00000000 1.00000000 2.00000000E+000
1.00000000 1.00000000 2.00000000E+000
1.00000000 1.00000000 2.00000000E+000
1.00000000 1.00000000 2.00000000E+000
1.00000000 1.00000000 2.00000000E+000
1.00000000 1.00000000 2.00000000E+000
1.00000000 1.00000000 2.00000000E+000
1.00000000 1.00000000 2.00000000E+000
1.00000000 1.00000000 2.00000000E+000
3.50000000 3.50000000 7.00000000E+000
3.50000000 3.50000000 7.00000000E+000
3.50000000 3.50000000 7.00000000E+000
3.50000000 3.50000000 7.00000000E+000
3.50000000 3.50000000 7.00000000E+000
3.50000000 3.50000000 7.00000000E+000
3.50000000 3.50000000 7.00000000E+000
3.50000000 3.50000000 7.00000000E+000
3.50000000 3.50000000 7.00000000E+000
3.50000000 3.50000000 7.00000000E+000
3.50000000 3.50000000 7.00000000E+000
3.50000000 3.50000000 7.00000000E+000
3.50000000 3.50000000 7.00000000E+000
3.50000000 3.50000000 7.00000000E+000
3.50000000 3.50000000 7.00000000E+000
3.50000000 3.50000000 7.00000000E+000
3.50000000 3.50000000 7.00000000E+000
3.50000000 3.50000000 7.00000000E+000
3.50000000 3.50000000 7.00000000E+000
3.50000000 3.50000000 7.00000000E+000
6.00000000 6.00000000 1.20000000E+001
6.00000000 6.00000000 1.20000000E+001
6.00000000 6.00000000 1.20000000E+001
6.00000000 6.00000000 1.20000000E+001
6.00000000 6.00000000 1.20000000E+001
6.00000000 6.00000000 1.20000000E+001
6.00000000 6.00000000 1.20000000E+001
6.00000000 6.00000000 1.20000000E+001
6.00000000 6.00000000 1.20000000E+001
6.00000000 6.00000000 1.20000000E+001
6.00000000 6.00000000 1.20000000E+001
6.00000000 6.00000000 1.20000000E+001
6.00000000 6.00000000 1.20000000E+001
6.00000000 6.00000000 1.20000000E+001
6.00000000 6.00000000 1.20000000E+001
6.00000000 6.00000000 1.20000000E+001
6.00000000 6.00000000 1.20000000E+001
6.00000000 6.00000000 1.20000000E+001
6.00000000 6.00000000 1.20000000E+001
6.00000000 6.00000000 1.20000000E+001
6.00000000 6.00000000 1.20000000E+001
8.50000000 8.50000000 1.70000000E+001
8.50000000 8.50000000 1.70000000E+001
8.50000000 8.50000000 1.70000000E+001
8.50000000 8.50000000 1.70000000E+001
8.50000000 8.50000000 1.70000000E+001
8.50000000 8.50000000 1.70000000E+001
8.50000000 8.50000000 1.70000000E+001
8.50000000 8.50000000 1.70000000E+001
8.50000000 8.50000000 1.70000000E+001
8.50000000 8.50000000 1.70000000E+001
8.50000000 8.50000000 1.70000000E+001
8.50000000 8.50000000 1.70000000E+001
8.50000000 8.50000000 1.70000000E+001
8.50000000 8.50000000 1.70000000E+001
8.50000000 8.50000000 1.70000000E+001
8.50000000 8.50000000 1.70000000E+001
8.50000000 8.50000000 1.70000000E+001
8.50000000 8.50000000 1.70000000E+001
8.50000000 8.50000000 1.70000000E+001
11.00000000 11.00000000 2.20000000E+001
11.00000000 11.00000000 2.20000000E+001
11.00000000 11.00000000 2.20000000E+001
11.00000000 11.00000000 2.20000000E+001
11.00000000 11.00000000 2.20000000E+001
11.00000000 11.00000000 2.20000000E+001
11.00000000 11.00000000 2.20000000E+001
11.00000000 11.00000000 2.20000000E+001
11.00000000 11.00000000 2.20000000E+001
11.00000000 11.00000000 2.20000000E+001
11.00000000 11.00000000 2.20000000E+001
11.00000000 11.00000000 2.20000000E+001
11.00000000 11.00000000 2.20000000E+001
11.00000000 11.00000000 2.20000000E+001
11.00000000 11.00000000 2.20000000E+001
11.00000000 11.00000000 2.20000000E+001
11.00000000 11.00000000 2.20000000E+001
11.00000000 11.00000000 2.20000000E+001
11.00000000 11.00000000 2.20000000E+001
11.00000000 11.00000000 2.20000000E+001
11.00000000 11.00000000 2.20000000E+001
