1.00000000 1.00000000 5.43656366E+000
1.10000000 1.10000000 6.08996907E+000
1.20000000 1.20000000 6.74337448E+000
1.30000000 1.30000000 7.39677990E+000
1.40000000 1.40000000 8.17038578E+000
1.50000000 1.50000000 9.10425895E+000
1.60000000 1.60000000 1.00381321E+001
1.70000000 1.70000000 1.09720053E+001
1.80000000 1.80000000 1.22494691E+001
1.90000000 1.90000000 1.35841980E+001
2.00000000 2.00000000 1.49189270E+001
2.10000000 2.10000000 1.64173471E+001
2.20000000 2.20000000 1.83249951E+001
2.30000000 2.30000000 2.02326431E+001
2.40000000 2.40000000 2.21402911E+001
2.50000000 2.50000000 2.46328240E+001
2.60000000 2.60000000 2.73593109E+001
2.70000000 2.70000000 3.00857978E+001
2.80000000 2.80000000 3.29794729E+001
2.90000000 2.90000000 3.68762772E+001
3.00000000 3.00000000 4.07730814E+001
3.10000000 3.10000000 4.46698856E+001
3.20000000 3.20000000 4.95224981E+001
3.30000000 3.30000000 5.50919667E+001
3.40000000 3.40000000 6.06614353E+001
3.50000000 3.50000000 6.62309039E+001
3.60000000 3.60000000 7.41910114E+001
3.70000000 3.70000000 8.21511189E+001
3.80000000 3.80000000 9.01112264E+001
3.90000000 3.90000000 9.95356754E+001
4.00000000 4.00000000 1.10912580E+002
4.10000000 4.10000000 1.22289484E+002
4.20000000 4.20000000 1.33666388E+002
4.30000000 4.30000000 1.49229084E+002
4.40000000 4.40000000 1.65489411E+002
4.50000000 4.50000000 1.81749738E+002
4.60000000 4.60000000 2.00004231E+002
4.70000000 4.70000000 2.23244142E+002
4.80000000 4.80000000 2.46484052E+002
4.90000000 4.90000000 2.69723963E+002
5.00000000 5.00000000 3.00089230E+002
5.10000000 5.10000000 3.33304640E+002
5.20000000 5.20000000 3.66520051E+002
5.30000000 5.30000000 4.01772230E+002
5.40000000 5.40000000 4.49245024E+002
5.50000000 5.50000000 4.96717818E+002
5.60000000 5.60000000 5.44190612E+002
5.70000000 5.70000000 6.03307534E+002
5.80000000 5.80000000 6.71157552E+002
5.90000000 5.90000000 7.39007569E+002
6.00000000 6.00000000 8.06857587E+002
6.10000000 6.10000000 9.03831548E+002
6.20000000 6.20000000 1.00080551E+003
6.30000000 6.30000000 1.09777947E+003
6.40000000 6.40000000 1.21259276E+003
6.50000000 6.50000000 1.35119183E+003
6.60000000 6.60000000 1.48979090E+003
6.70000000 6.70000000 1.62838997E+003
6.80000000 6.80000000 1.81798241E+003
6.90000000 6.90000000 2.01607375E+003
7.00000000 7.00000000 2.21416508E+003
7.10000000 7.10000000 2.43655034E+003
7.20000000 7.20000000 2.71967041E+003
7.30000000 7.30000000 3.00279048E+003
7.40000000 7.40000000 3.28591054E+003
7.50000000 7.50000000 3.65583523E+003
7.60000000 7.60000000 4.06048177E+003
7.70000000 7.70000000 4.46512830E+003
7.80000000 7.80000000 4.89458776E+003
7.90000000 7.90000000 5.47292479E+003
8.00000000 8.00000000 6.05126182E+003
8.10000000 8.10000000 6.62959884E+003
8.20000000 8.20000000 7.34979039E+003
8.30000000 8.30000000 8.17637282E+003
8.40000000 8.40000000 9.00295525E+003
8.50000000 8.50000000 9.82953768E+003
8.60000000 8.60000000 1.10109224E+004
8.70000000 8.70000000 1.21923071E+004
8.80000000 8.80000000 1.33736918E+004
8.90000000 8.90000000 1.47724040E+004
9.00000000 9.00000000 1.64608863E+004
9.10000000 9.10000000 1.81493686E+004
9.20000000 9.20000000 1.98378510E+004
9.30000000 9.30000000 2.21475597E+004
9.40000000 9.40000000 2.45608062E+004
9.50000000 9.50000000 2.69740527E+004
9.60000000 9.60000000 2.96832598E+004
9.70000000 9.70000000 3.31323683E+004
9.80000000 9.80000000 3.65814768E+004
9.90000000 9.90000000 4.00305854E+004
10.00000000 10.00000000 4.45371906E+004
10.10000000 10.10000000 4.94667946E+004
10.20000000 10.20000000 5.43963986E+004
10.30000000 10.30000000 5.96282859E+004
10.40000000 10.40000000 6.66738732E+004
10.50000000 10.50000000 7.37194605E+004
10.60000000 10.60000000 8.07650479E+004
10.70000000 10.70000000 8.95387770E+004
10.80000000 10.80000000 9.96086125E+004
10.90000000 10.90000000 1.09678448E+005
11.00000000 11.00000000 1.19748283E+005
