1.00000000 1.00000000 5.43656366E+000
1.24371028 1.24371028 6.93691713E+000
1.45728222 1.45728222 8.58854555E+000
1.64437750 1.64437750 1.03555715E+001
1.80865778 1.80865778 1.22045027E+001
1.95378472 1.95378472 1.41106792E+001
2.08342000 2.08342000 1.60637821E+001
2.20122528 2.20122528 1.80721569E+001
2.31084800 2.31084800 2.01659428E+001
2.41490072 2.41490072 2.23773190E+001
2.51427778 2.51427778 2.47153611E+001
2.60971150 2.60971150 2.71902562E+001
2.70193422 2.70193422 2.98170806E+001
2.79167828 2.79167828 3.26167336E+001
2.87967600 2.87967600 3.56170046E+001
2.96665972 2.96665972 3.88538396E+001
3.05333333 3.05333333 4.23716927E+001
3.14000000 3.14000000 4.62077337E+001
3.22666667 3.22666667 5.03910635E+001
3.31333333 3.31333333 5.49531231E+001
3.40000000 3.40000000 5.99282001E+001
3.48666667 3.48666667 6.53536863E+001
3.57333333 3.57333333 7.12703587E+001
3.66000000 3.66000000 7.77226857E+001
3.74666667 3.74666667 8.47591621E+001
3.83333333 3.83333333 9.24326724E+001
3.92000000 3.92000000 1.00800890E+002
4.00666667 4.00666667 1.09926707E+002
4.09333333 4.09333333 1.19878714E+002
4.18000000 4.18000000 1.30731706E+002
4.26666667 4.26666667 1.42567254E+002
4.35333333 4.35333333 1.55474311E+002
4.44000000 4.44000000 1.69549883E+002
4.52666667 4.52666667 1.84899761E+002
4.61333333 4.61333333 2.01639311E+002
4.70000000 4.70000000 2.19894345E+002
4.78666667 4.78666667 2.39802063E+002
4.87333333 4.87333333 2.61512090E+002
4.96000000 4.96000000 2.85187592E+002
5.04666667 5.04666667 3.11006511E+002
5.13333333 5.13333333 3.39162897E+002
5.22000000 5.22000000 3.69868368E+002
5.30666667 5.30666667 4.03353701E+002
5.39333333 5.39333333 4.39870565E+002
5.48000000 5.48000000 4.79693415E+002
5.56666667 5.56666667 5.23121551E+002
5.65333333 5.65333333 5.70481370E+002
5.74000000 5.74000000 6.22128822E+002
5.82666667 5.82666667 6.78452078E+002
5.91333333 5.91333333 7.39874453E+002
6.00000000 6.00000000 8.06857587E+002
6.08666667 6.08666667 8.79904912E+002
6.17333333 6.17333333 9.59565439E+002
6.26000000 6.26000000 1.04643788E+003
6.34666667 6.34666667 1.14117515E+003
6.43333333 6.43333333 1.24448929E+003
6.52000000 6.52000000 1.35715677E+003
6.60666667 6.60666667 1.48002439E+003
6.69333333 6.69333333 1.61401560E+003
6.78000000 6.78000000 1.76013745E+003
6.86666667 6.86666667 1.91948816E+003
6.95333333 6.95333333 2.09326539E+003
7.04000000 7.04000000 2.28277521E+003
7.12666667 7.12666667 2.48944195E+003
7.21333333 7.21333333 2.71481887E+003
7.30000000 7.30000000 2.96059986E+003
7.38666667 7.38666667 3.22863216E+003
7.47333333 7.47333333 3.52093027E+003
7.56000000 7.56000000 3.83969103E+003
7.64666667 7.64666667 4.18731019E+003
7.73333333 7.73333333 4.56640040E+003
7.82000000 7.82000000 4.97981082E+003
7.90666667 7.90666667 5.43064857E+003
7.99333333 7.99333333 5.92230206E+003
8.08000000 8.08000000 6.45846647E+003
8.16666667 8.16666667 7.04317152E+003
8.25333333 8.25333333 7.68081172E+003
8.34000000 8.34000000 8.37617948E+003
8.42666667 8.42666667 9.13450105E+003
8.51333333 8.51333333 9.96147582E+003
8.60000000 8.60000000 1.08633192E+004
8.68666667 8.68666667 1.18468092E+004
8.77333333 8.77333333 1.29193377E+004
8.86000000 8.86000000 1.40889655E+004
8.94666667 8.94666667 1.53644833E+004
9.03334028 9.03334028 1.67555941E+004
9.12032400 9.12032400 1.82783245E+004
9.20832172 9.20832172 1.99596677E+004
9.29806578 9.29806578 2.18337662E+004
9.39028850 9.39028850 2.39431053E+004
9.48572222 9.48572222 2.63406698E+004
9.58509928 9.58509928 2.90928133E+004
9.68915200 9.68915200 3.22831009E+004
9.79877472 9.79877472 3.60233242E+004
9.91658000 9.91658000 4.05271412E+004
10.04621528 10.04621528 4.61366285E+004
10.19134222 10.19134222 5.33425393E+004
10.35562250 10.35562250 6.28665611E+004
10.54271778 10.54271778 7.58008631E+004
10.75628972 10.75628972 9.38484853E+004
11.00000000 11.00000000 1.19748283E+005
