1.00000000 1.00000000 5.43656366E+000
1.10000000 1.10000000 -2.05856403E+000
1.20000000 1.20000000 -8.22607204E+000
1.30000000 1.30000000 -1.31964937E+001
1.40000000 1.40000000 -1.70884958E+001
1.50000000 1.50000000 -2.00088783E+001
1.60000000 1.60000000 -2.20525745E+001
1.70000000 1.70000000 -2.33026512E+001
1.80000000 1.80000000 -2.38303084E+001
1.90000000 1.90000000 -2.36948794E+001
2.00000000 2.00000000 -2.29438309E+001
2.10000000 2.10000000 -2.16127629E+001
2.20000000 2.20000000 -1.97254087E+001
2.30000000 2.30000000 -1.72936351E+001
2.40000000 2.40000000 -1.43174420E+001
2.50000000 2.50000000 -1.07849628E+001
2.60000000 2.60000000 -6.67246409E+000
2.70000000 2.70000000 -1.94434587E+000
2.80000000 2.80000000 3.44685852E+000
2.90000000 2.90000000 9.56048244E+000
3.00000000 3.00000000 1.64677259E+001
3.10000000 3.10000000 2.42516556E+001
3.20000000 3.20000000 3.30072049E+001
3.30000000 3.30000000 4.28411738E+001
3.40000000 3.40000000 5.38722290E+001
3.50000000 3.50000000 6.62309039E+001
3.60000000 3.60000000 8.00595986E+001
3.70000000 3.70000000 9.55125796E+001
3.80000000 3.80000000 1.12755981E+002
3.90000000 3.90000000 1.31967801E+002
4.00000000 4.00000000 1.53337909E+002
4.10000000 4.10000000 1.77068036E+002
4.20000000 4.20000000 2.03371783E+002
4.30000000 4.30000000 2.32474617E+002
4.40000000 4.40000000 2.64548522E+002
4.50000000 4.50000000 2.99374594E+002
4.60000000 4.60000000 3.36659389E+002
4.70000000 4.70000000 3.76134055E+002
4.80000000 4.80000000 4.17548277E+002
4.90000000 4.90000000 4.60670285E+002
5.00000000 5.00000000 5.05286850E+002
5.10000000 5.10000000 5.51203285E+002
5.20000000 5.20000000 5.98243443E+002
5.30000000 5.30000000 6.46249720E+002
5.40000000 5.40000000 6.95083055E+002
5.50000000 5.50000000 7.44622925E+002
5.60000000 5.60000000 7.94767351E+002
5.70000000 5.70000000 8.45432897E+002
5.80000000 5.80000000 8.96554667E+002
5.90000000 5.90000000 9.48086305E+002
6.00000000 6.00000000 1.00000000E+003
6.10000000 6.10000000 1.05228648E+003
6.20000000 6.20000000 1.10495502E+003
6.30000000 6.30000000 1.15803342E+003
6.40000000 6.40000000 1.21156805E+003
6.50000000 6.50000000 1.26562380E+003
6.60000000 6.60000000 1.32028411E+003
6.70000000 6.70000000 1.37565095E+003
6.80000000 6.80000000 1.43184485E+003
6.90000000 6.90000000 1.48900487E+003
7.00000000 7.00000000 1.54728861E+003
7.10000000 7.10000000 1.60687222E+003
7.20000000 7.20000000 1.66795039E+003
7.30000000 7.30000000 1.73073634E+003
7.40000000 7.40000000 1.79546185E+003
7.50000000 7.50000000 1.86237723E+003
7.60000000 7.60000000 1.93175134E+003
7.70000000 7.70000000 2.01533089E+003
7.80000000 7.80000000 2.26222749E+003
7.90000000 7.90000000 2.71808228E+003
8.00000000 8.00000000 3.38266981E+003
8.10000000 8.10000000 4.25577646E+003
8.20000000 8.20000000 5.33720050E+003
8.30000000 8.30000000 6.62675208E+003
8.40000000 8.40000000 8.12425318E+003
8.50000000 8.50000000 9.82953768E+003
8.60000000 8.60000000 1.17424513E+004
8.70000000 8.70000000 1.38628517E+004
8.80000000 8.80000000 1.61906082E+004
8.90000000 8.90000000 1.87256023E+004
9.00000000 9.00000000 2.14677271E+004
9.10000000 9.10000000 2.44168877E+004
9.20000000 9.20000000 2.75730010E+004
9.30000000 9.30000000 3.09359959E+004
9.40000000 9.40000000 3.45058129E+004
9.50000000 9.50000000 3.82824047E+004
9.60000000 9.60000000 4.22657356E+004
9.70000000 9.70000000 4.64557819E+004
9.80000000 9.80000000 5.08525317E+004
9.90000000 9.90000000 5.54559851E+004
10.00000000 10.00000000 6.02661539E+004
10.10000000 10.10000000 6.52830617E+004
10.20000000 10.20000000 7.05067443E+004
10.30000000 10.30000000 7.59372492E+004
10.40000000 10.40000000 8.15746355E+004
10.50000000 10.50000000 8.74189745E+004
10.60000000 10.60000000 9.34703494E+004
10.70000000 10.70000000 9.97288550E+004
10.80000000 10.80000000 1.06194598E+005
10.90000000 10.90000000 1.12867697E+005
11.00000000 11.00000000 1.19748283E+005
