1.00000000 1.00000000 4.54648713E-001
1.00000000 1.00000000 4.54648713E-001
1.00000000 1.00000000 4.54648713E-001
1.00000000 1.00000000 4.54648713E-001
1.00000000 1.00000000 4.54648713E-001
1.00000000 1.00000000 4.54648713E-001
1.00000000 1.00000000 4.54648713E-001
1.00000000 1.00000000 4.54648713E-001
1.00000000 1.00000000 4.54648713E-001
1.00000000 1.00000000 4.54648713E-001
1.00000000 1.00000000 4.54648713E-001
1.00000000 1.00000000 4.54648713E-001
1.00000000 1.00000000 4.54648713E-001
1.00000000 1.00000000 4.54648713E-001
1.00000000 1.00000000 4.54648713E-001
1.00000000 1.00000000 4.54648713E-001
1.00000000 1.00000000 4.54648713E-001
1.00000000 1.00000000 4.54648713E-001
1.00000000 1.00000000 4.54648713E-001
1.00000000 1.00000000 4.54648713E-001
3.50000000 3.50000000 3.28493299E-001
3.50000000 3.50000000 3.28493299E-001
3.50000000 3.50000000 3.28493299E-001
3.50000000 3.50000000 3.28493299E-001
3.50000000 3.50000000 3.28493299E-001
3.50000000 3.50000000 3.28493299E-001
3.50000000 3.50000000 3.28493299E-001
3.50000000 3.50000000 3.28493299E-001
3.50000000 3.50000000 3.28493299E-001
3.50000000 3.50000000 3.28493299E-001
3.50000000 3.50000000 3.28493299E-001
3.50000000 3.50000000 3.28493299E-001
3.50000000 3.50000000 3.28493299E-001
3.50000000 3.50000000 3.28493299E-001
3.50000000 3.50000000 3.28493299E-001
3.50000000 3.50000000 3.28493299E-001
3.50000000 3.50000000 3.28493299E-001
3.50000000 3.50000000 3.28493299E-001
3.50000000 3.50000000 3.28493299E-001
3.50000000 3.50000000 3.28493299E-001
6.00000000 6.00000000 0.00000000E+000
6.00000000 6.00000000 0.00000000E+000
6.00000000 6.00000000 0.00000000E+000
6.00000000 6.00000000 0.00000000E+000
6.00000000 6.00000000 0.00000000E+000
6.00000000 6.00000000 0.00000000E+000
6.00000000 6.00000000 0.00000000E+000
6.00000000 6.00000000 0.00000000E+000
6.00000000 6.00000000 0.00000000E+000
6.00000000 6.00000000 0.00000000E+000
6.00000000 6.00000000 0.00000000E+000
6.00000000 6.00000000 0.00000000E+000
6.00000000 6.00000000 0.00000000E+000
6.00000000 6.00000000 0.00000000E+000
6.00000000 6.00000000 0.00000000E+000
6.00000000 6.00000000 0.00000000E+000
6.00000000 6.00000000 0.00000000E+000
6.00000000 6.00000000 0.00000000E+000
6.00000000 6.00000000 0.00000000E+000
6.00000000 6.00000000 0.00000000E+000
6.00000000 6.00000000 0.00000000E+000
8.50000000 8.50000000 -4.80698746E-001
8.50000000 8.50000000 -4.80698746E-001
8.50000000 8.50000000 -4.80698746E-001
8.50000000 8.50000000 -4.80698746E-001
8.50000000 8.50000000 -4.80698746E-001
8.50000000 8.50000000 -4.80698746E-001
8.50000000 8.50000000 -4.80698746E-001
8.50000000 8.50000000 -4.80698746E-001
8.50000000 8.50000000 -4.80698746E-001
8.50000000 8.50000000 -4.80698746E-001
8.50000000 8.50000000 -4.80698746E-001
8.50000000 8.50000000 -4.80698746E-001
8.50000000 8.50000000 -4.80698746E-001
8.50000000 8.50000000 -4.80698746E-001
8.50000000 8.50000000 -4.80698746E-001
8.50000000 8.50000000 -4.80698746E-001
8.50000000 8.50000000 -4.80698746E-001
8.50000000 8.50000000 -4.80698746E-001
8.50000000 8.50000000 -4.80698746E-001
11.00000000 11.00000000 -4.42565465E-003
11.00000000 11.00000000 -4.42565465E-003
11.00000000 11.00000000 -4.42565465E-003
11.00000000 11.00000000 -4.42565465E-003
11.00000000 11.00000000 -4.42565465E-003
11.00000000 11.00000000 -4.42565465E-003
11.00000000 11.00000000 -4.42565465E-003
11.00000000 11.00000000 -4.42565465E-003
11.00000000 11.00000000 -4.42565465E-003
11.00000000 11.00000000 -4.42565465E-003
11.00000000 11.00000000 -4.42565465E-003
11.00000000 11.00000000 -4.42565465E-003
11.00000000 11.00000000 -4.42565465E-003
11.00000000 11.00000000 -4.42565465E-003
11.00000000 11.00000000 -4.42565465E-003
11.00000000 11.00000000 -4.42565465E-003
11.00000000 11.00000000 -4.42565465E-003
11.00000000 11.00000000 -4.42565465E-003
11.00000000 11.00000000 -4.42565465E-003
11.00000000 11.00000000 -4.42565465E-003
11.00000000 11.00000000 -4.42565465E-003
